locus	MAF	coverage	SNPs
0	1.0	1	0
1	1.0	3	0
2	1.0	3	0
3	1.0	3	0
4	1.0	3	0
5	1.0	3	0
6	1.0	3	0
7	1.0	3	0
8	1.0	3	0
9	1.0	3	0
10	1.0	3	0
11	0.75	4	1
12	1.0	4	0
13	1.0	4	0
14	0.75	4	1
15	0.75	4	1
16	0.75	4	1
17	0.75	4	1
18	0.75	4	1
19	1.0	4	0
20	0.75	4	1
21	1.0	4	0
22	1.0	4	0
23	1.0	4	0
24	1.0	3	0
25	1.0	3	0
26	1.0	3	0
27	1.0	3	0
28	1.0	3	0
29	1.0	3	0
30	1.0	3	0
31	1.0	3	0
32	1.0	3	0
33	1.0	3	0
34	1.0	3	0
35	1.0	3	0
36	1.0	3	0
37	1.0	3	0
38	1.0	4	0
39	0.75	4	1
40	1.0	5	0
41	0.6	5	2
42	0.8	5	1
43	0.8	5	1
44	1.0	5	0
45	0.8	5	1
46	0.8	5	1
47	0.8	5	1
48	0.6	5	2
49	1.0	5	0
50	0.8	5	1
51	1.0	5	0
52	0.8	5	1
53	1.0	5	0
54	0.8	5	1
55	0.6	5	2
56	0.8	5	1
57	0.6	5	1
58	0.5	2	1
59	0.5	2	1
60	1.0	2	0
61	1.0	1	0
62	1.0	1	0
63	1.0	1	0
64	1.0	1	0
65	1.0	1	0
66	1.0	2	0
67	1.0	2	0
68	1.0	5	0
69	0.8	5	1
70	0.8	5	1
71	0.8	5	1
72	0.6	5	1
73	1.0	5	0
74	0.6	5	1
75	0.6666666666666666	3	1
76	1.0	3	0
77	0.5	2	1
78	0.5	2	1
79	0.5	2	1
80	0.5	2	1
81	1.0	2	0
82	0.5	2	1
83	1.0	2	0
84	1.0	2	0
85	0.5	2	1
86	0.5	2	1
87	0.5	2	1
88	0.5	2	1
89	1.0	3	0
90	1.0	3	0
91	1.0	3	0
92	0.6666666666666666	3	1
93	0.6666666666666666	3	1
94	1.0	3	0
95	1.0	2	0
96	0.5	2	1
97	1.0	1	0
98	1.0	1	0
99	1.0	1	0
100	1.0	1	0
101	1.0	1	0
102	1.0	1	0
103	1.0	1	0
104	1.0	1	0
105	1.0	1	0
106	1.0	3	0
107	0.5	4	2
108	1.0	4	0
109	0.8	5	1
110	0.6	5	1
111	1.0	5	0
112	1.0	6	0
113	0.5714285714285714	7	1
114	0.75	4	1
115	1.0	4	0
116	0.75	4	1
117	0.75	4	1
118	0.75	4	1
119	1.0	4	0
120	1.0	4	0
121	1.0	4	0
122	1.0	4	0
123	0.75	4	1
124	0.75	4	1
125	1.0	4	0
126	0.75	4	1
127	0.75	4	1
128	0.75	4	1
129	1.0	4	0
130	1.0	4	0
131	1.0	4	0
132	0.75	4	1
133	0.75	4	1
134	0.75	4	1
135	0.75	4	1
136	0.75	4	1
137	1.0	4	0
138	1.0	4	0
139	1.0	4	0
140	0.75	4	1
141	0.75	4	1
142	0.75	4	1
143	0.75	4	1
144	0.75	4	1
145	0.25	4	3
146	0.5	4	2
147	0.5	4	1
148	0.5	4	2
149	0.3333333333333333	3	2
150	0.3333333333333333	3	2
151	0.3333333333333333	3	2
152	1.0	3	0
153	0.3333333333333333	3	2
154	0.3333333333333333	3	2
155	1.0	3	0
156	0.3333333333333333	3	2
157	0.6666666666666666	3	1
158	0.6666666666666666	3	1
159	0.6666666666666666	3	1
160	0.3333333333333333	3	2
161	0.6666666666666666	3	1
162	0.6666666666666666	3	1
163	0.6666666666666666	3	1
164	0.3333333333333333	3	2
165	0.3333333333333333	3	2
166	0.6666666666666666	3	1
167	1.0	3	0
168	0.6666666666666666	3	1
169	0.6666666666666666	3	1
170	0.6363636363636364	11	1
171	0.4166666666666667	12	2
172	0.36	25	3
173	0.9032258064516129	31	1
174	1.0	33	0
175	0.9393939393939394	33	1
176	0.9090909090909091	33	1
177	1.0	33	0
178	0.9090909090909091	33	1
179	0.9090909090909091	33	1
180	0.8484848484848485	33	2
181	0.9090909090909091	33	1
182	0.8484848484848485	33	1
183	0.8484848484848485	33	2
184	0.9393939393939394	33	1
185	0.9393939393939394	33	1
186	0.9090909090909091	33	1
187	0.9393939393939394	33	1
188	0.9090909090909091	33	1
189	0.8484848484848485	33	2
190	0.9393939393939394	33	1
191	0.9393939393939394	33	1
192	1.0	33	0
193	0.9090909090909091	33	1
194	0.9333333333333333	30	1
195	0.9375	32	1
196	1.0	32	0
197	0.9375	32	1
198	0.9411764705882353	34	1
199	1.0	32	0
200	1.0	32	0
201	1.0	32	0
202	1.0	32	0
203	1.0	32	0
204	1.0	32	0
205	1.0	35	0
206	0.8857142857142857	35	1
207	1.0	35	0
208	1.0	35	0
209	0.6451612903225806	31	3
210	0.4074074074074074	27	3
211	0.48148148148148145	27	3
212	0.3333333333333333	27	3
213	0.48148148148148145	27	2
214	0.5172413793103449	29	2
215	0.3103448275862069	29	3
216	0.4827586206896552	29	3
217	0.6896551724137931	29	3
218	0.5172413793103449	29	2
219	0.45	20	3
220	0.6818181818181818	22	1
221	0.5416666666666666	24	2
222	0.5833333333333334	24	2
223	0.44	25	3
224	0.6666666666666666	27	2
225	0.5925925925925926	27	3
226	0.55	20	3
227	0.8333333333333334	18	2
228	0.8666666666666667	15	2
229	0.6	15	2
230	0.8666666666666667	15	2
231	0.7333333333333333	15	2
232	0.3888888888888889	18	3
233	0.6	20	3
234	0.5	22	3
235	1.0	22	0
236	0.35714285714285715	14	3
237	0.5	10	2
238	0.6666666666666666	3	1
239	0.6666666666666666	3	1
240	1.0	1	0
241	1.0	1	0
242	1.0	1	0
243	1.0	1	0
244	1.0	1	0
245	1.0	1	0
246	1.0	1	0
247	1.0	1	0
248	1.0	1	0
249	1.0	1	0
250	1.0	1	0
251	1.0	1	0
252	1.0	1	0
253	1.0	1	0
254	1.0	1	0
255	1.0	1	0
256	1.0	1	0
257	1.0	1	0
258	1.0	1	0
259	1.0	1	0
260	1.0	1	0
261	1.0	1	0
262	1.0	1	0
263	1.0	1	0
264	1.0	1	0
265	1.0	1	0
266	1.0	1	0
267	1.0	1	0
268	1.0	1	0
269	1.0	1	0
270	1.0	1	0
271	1.0	1	0
272	1.0	1	0
273	1.0	1	0
274	1.0	1	0
275	1.0	1	0
276	1.0	1	0
277	1.0	1	0
278	1.0	1	0
279	1.0	1	0
280	1.0	1	0
281	1.0	1	0
282	1.0	1	0
283	0.5	4	2
284	0.6	5	2
285	0.6	5	1
286	0.7272727272727273	11	1
287	0.5454545454545454	11	1
288	0.6363636363636364	11	3
289	0.45454545454545453	11	2
290	0.6111111111111112	18	1
291	0.625	16	3
292	0.5555555555555556	18	3
293	0.5555555555555556	18	3
294	0.6666666666666666	18	1
295	0.5	18	3
296	0.5555555555555556	18	2
297	0.7272727272727273	22	2
298	0.45454545454545453	22	2
299	0.5	22	3
300	0.4090909090909091	22	3
301	0.34375	32	3
302	1.0	32	0
303	1.0	34	0
304	1.0	34	0
305	1.0	34	0
306	1.0	34	0
307	1.0	34	0
308	1.0	34	0
309	1.0	34	0
310	1.0	34	0
311	0.9444444444444444	36	1
312	0.9444444444444444	36	1
313	1.0	38	0
314	0.9473684210526315	38	1
315	0.9473684210526315	38	1
316	1.0	38	0
317	1.0	38	0
318	0.9512195121951219	41	1
319	0.9024390243902439	41	1
320	1.0	41	0
321	0.8780487804878049	41	1
322	1.0	41	0
323	1.0	41	0
324	0.8292682926829268	41	3
325	0.8780487804878049	41	1
326	0.9512195121951219	41	1
327	0.8780487804878049	41	1
328	1.0	41	0
329	0.9024390243902439	41	1
330	0.8780487804878049	41	2
331	0.8292682926829268	41	2
332	0.8780487804878049	41	2
333	0.8292682926829268	41	2
334	0.9024390243902439	41	1
335	0.8780487804878049	41	2
336	0.8292682926829268	41	2
337	0.9512195121951219	41	1
338	0.8048780487804879	41	3
339	0.4117647058823529	34	3
340	0.6470588235294118	34	3
341	0.9259259259259259	27	1
342	0.7777777777777778	27	2
343	0.7272727272727273	22	1
344	0.6363636363636364	22	1
345	0.88	25	1
346	0.84	25	2
347	0.75	24	3
348	0.6363636363636364	22	2
349	0.7272727272727273	22	2
350	0.6818181818181818	22	2
351	0.9230769230769231	26	1
352	0.9230769230769231	26	1
353	0.7307692307692307	26	2
354	1.0	5	0
355	0.6	5	1
356	1.0	5	0
357	0.6	5	1
358	1.0	5	0
359	1.0	5	0
360	0.6	5	1
361	1.0	5	0
362	1.0	3	0
363	1.0	3	0
364	1.0	3	0
365	0.6923076923076923	26	2
366	0.4864864864864865	37	3
367	0.5675675675675675	37	3
368	0.8648648648648649	37	1
369	0.6216216216216216	37	3
370	0.918918918918919	37	1
371	0.6756756756756757	37	2
372	0.7297297297297297	37	2
373	0.6216216216216216	37	3
374	0.5675675675675675	37	3
375	0.5405405405405406	37	3
376	0.4864864864864865	37	3
377	0.6	35	3
378	0.8947368421052632	19	1
379	0.7368421052631579	19	1
380	0.7368421052631579	19	2
381	0.5	16	3
382	0.5	16	1
383	0.375	16	3
384	0.5625	16	1
385	0.4666666666666667	15	2
386	0.5333333333333333	15	2
387	0.6153846153846154	13	2
388	0.46153846153846156	13	2
389	0.7	10	1
390	1.0	3	0
391	1.0	3	0
392	1.0	3	0
393	1.0	3	0
394	1.0	3	0
395	1.0	3	0
396	1.0	3	0
397	1.0	3	0
398	1.0	3	0
399	1.0	3	0
400	1.0	3	0
401	1.0	3	0
402	1.0	3	0
403	1.0	3	0
404	1.0	3	0
405	1.0	3	0
406	1.0	3	0
407	1.0	3	0
408	1.0	3	0
409	1.0	3	0
410	1.0	3	0
411	1.0	3	0
412	1.0	3	0
413	1.0	3	0
414	0.5	10	1
415	0.8	10	1
416	0.5	10	2
417	0.9302325581395349	43	1
418	1.0	43	0
419	0.9318181818181818	44	1
420	1.0	44	0
421	1.0	44	0
422	0.9318181818181818	44	1
423	1.0	44	0
424	1.0	44	0
425	1.0	3	0
426	1.0	3	0
427	1.0	3	0
428	1.0	3	0
429	1.0	3	0
430	1.0	3	0
431	1.0	3	0
432	1.0	3	0
433	1.0	3	0
434	1.0	3	0
435	1.0	3	0
436	1.0	3	0
437	1.0	3	0
438	1.0	3	0
439	1.0	3	0
440	1.0	3	0
441	1.0	3	0
442	1.0	3	0
443	1.0	3	0
444	1.0	3	0
445	1.0	3	0
446	1.0	3	0
447	1.0	3	0
448	1.0	3	0
449	1.0	44	0
450	1.0	44	0
451	1.0	44	0
452	1.0	44	0
453	0.9318181818181818	44	1
454	1.0	44	0
455	0.9318181818181818	44	1
456	1.0	44	0
457	0.9318181818181818	44	1
458	0.9318181818181818	44	1
459	1.0	44	0
460	0.9318181818181818	44	1
461	1.0	44	0
462	1.0	44	0
463	0.9318181818181818	44	1
464	0.9318181818181818	44	1
465	1.0	44	0
466	0.9318181818181818	44	1
467	1.0	44	0
468	0.9318181818181818	44	1
469	0.9318181818181818	44	1
470	1.0	44	0
471	0.9318181818181818	44	1
472	1.0	44	0
473	1.0	44	0
474	0.9772727272727273	44	1
475	1.0	44	0
476	1.0	44	0
477	0.6666666666666666	6	1
478	0.5588235294117647	34	3
479	0.6176470588235294	34	2
480	0.6666666666666666	36	3
481	0.7222222222222222	36	1
482	0.5833333333333334	36	3
483	0.75	36	3
484	0.6388888888888888	36	3
485	0.8888888888888888	36	1
486	0.6944444444444444	36	3
487	0.6111111111111112	36	3
488	1.0	2	0
489	0.6666666666666666	3	1
490	1.0	2	0
491	1.0	2	0
492	1.0	2	0
493	0.6666666666666666	3	1
494	0.6666666666666666	6	1
495	0.8333333333333334	36	1
496	0.7368421052631579	38	3
497	0.5526315789473685	38	3
498	0.47368421052631576	38	2
499	0.6052631578947368	38	3
500	0.7105263157894737	38	2
501	0.5526315789473685	38	2
502	0.5789473684210527	38	3
503	0.5526315789473685	38	2
504	0.8947368421052632	38	2
505	0.7368421052631579	38	2
506	0.7105263157894737	38	3
507	0.42105263157894735	38	3
508	0.7027027027027027	37	2
509	0.5675675675675675	37	3
510	0.5405405405405406	37	3
511	0.6486486486486487	37	3
512	0.5789473684210527	38	3
513	1.0	2	0
514	1.0	2	0
515	0.5714285714285714	7	1
516	1.0	7	0
517	0.926829268292683	41	1
518	0.926829268292683	41	1
519	0.926829268292683	41	1
520	1.0	41	0
521	1.0	41	0
522	1.0	41	0
523	1.0	41	0
524	1.0	41	0
525	0.926829268292683	41	1
526	0.926829268292683	41	1
527	0.926829268292683	41	1
528	1.0	41	0
529	1.0	41	0
530	1.0	41	0
531	1.0	41	0
532	0.926829268292683	41	1
533	0.926829268292683	41	1
534	0.926829268292683	41	1
535	1.0	41	0
536	1.0	41	0
537	0.926829268292683	41	1
538	1.0	41	0
539	1.0	41	0
540	0.926829268292683	41	1
541	0.926829268292683	41	1
542	1.0	41	0
543	1.0	41	0
544	0.926829268292683	41	1
545	0.926829268292683	41	1
546	0.926829268292683	41	1
547	0.926829268292683	41	1
548	0.926829268292683	41	1
549	1.0	41	0
550	0.975609756097561	41	1
551	0.926829268292683	41	1
552	1.0	41	0
553	0.43902439024390244	41	3
554	1.0	5	0
555	1.0	3	0
556	1.0	3	0
557	1.0	3	0
558	1.0	3	0
559	1.0	3	0
560	0.6	5	1
561	1.0	5	0
562	0.6	5	1
563	0.6	5	1
564	1.0	5	0
565	1.0	3	0
566	1.0	3	0
567	1.0	3	0
568	1.0	3	0
569	1.0	3	0
570	1.0	3	0
571	0.5454545454545454	11	2
572	0.3333333333333333	15	3
573	0.7333333333333333	15	2
574	0.6153846153846154	13	2
575	0.46153846153846156	13	2
576	0.38461538461538464	13	3
577	0.5	16	2
578	0.5	16	3
579	0.4375	16	3
580	0.5	16	2
581	0.475	40	3
582	0.7435897435897436	39	3
583	0.7948717948717948	39	3
584	0.6923076923076923	39	3
585	0.5641025641025641	39	2
586	0.7317073170731707	41	2
587	0.6097560975609756	41	2
588	0.627906976744186	43	3
589	0.627906976744186	43	3
590	0.6976744186046512	43	1
591	0.5348837209302325	43	3
592	0.6976744186046512	43	2
593	0.7209302325581395	43	3
594	0.7674418604651163	43	1
595	0.8636363636363636	44	2
596	1.0	4	0
597	0.5	4	1
598	0.6666666666666666	3	1
599	0.6666666666666666	3	1
600	0.6666666666666666	3	1
601	1.0	3	0
602	0.6666666666666666	3	1
603	1.0	3	0
604	0.6666666666666666	3	1
605	0.6666666666666666	3	1
606	0.6666666666666666	3	1
607	1.0	3	0
608	1.0	3	0
609	0.6666666666666666	3	1
610	1.0	3	0
611	1.0	3	0
612	1.0	1	0
613	0.6666666666666666	3	1
614	0.6666666666666666	3	1
615	0.8333333333333334	6	1
616	1.0	9	0
617	0.6666666666666666	9	1
618	0.5555555555555556	9	2
619	0.7777777777777778	9	2
620	1.0	9	0
621	0.8333333333333334	6	1
622	1.0	3	0
623	0.6666666666666666	3	1
624	1.0	1	0
625	1.0	1	0
626	1.0	1	0
627	1.0	1	0
628	1.0	3	0
629	1.0	1	0
630	1.0	1	0
631	1.0	3	0
632	1.0	3	0
633	0.6666666666666666	3	1
634	1.0	3	0
635	1.0	6	0
636	0.6666666666666666	6	1
637	0.8333333333333334	6	1
638	0.8333333333333334	6	1
639	0.7333333333333333	30	2
640	0.7333333333333333	30	2
641	0.5666666666666667	30	3
642	0.7333333333333333	30	3
643	0.6	30	2
644	0.7333333333333333	30	2
645	0.8333333333333334	30	2
646	0.9666666666666667	30	1
647	0.8571428571428571	28	1
648	0.9285714285714286	28	1
649	0.4444444444444444	9	3
650	0.7142857142857143	7	1
651	0.75	4	1
652	0.75	4	1
653	1.0	1	0
654	1.0	2	0
655	1.0	2	0
656	0.5	2	1
657	0.5	2	1
658	0.5	2	1
659	0.5	2	1
660	0.38461538461538464	13	3
661	0.6410256410256411	39	3
662	0.6136363636363636	44	3
663	1.0	44	0
664	1.0	44	0
665	0.9318181818181818	44	1
666	1.0	44	0
667	1.0	44	0
668	1.0	44	0
669	1.0	44	0
670	0.9318181818181818	44	1
671	1.0	44	0
672	1.0	3	0
673	1.0	3	0
674	1.0	3	0
675	1.0	3	0
676	1.0	3	0
677	1.0	3	0
678	1.0	3	0
679	1.0	3	0
680	1.0	3	0
681	1.0	3	0
682	1.0	3	0
683	1.0	3	0
684	1.0	3	0
685	1.0	3	0
686	1.0	3	0
687	1.0	3	0
688	1.0	3	0
689	0.9318181818181818	44	1
690	0.9318181818181818	44	1
691	1.0	44	0
692	0.9318181818181818	44	1
693	1.0	44	0
694	1.0	44	0
695	1.0	44	0
696	0.9318181818181818	44	1
697	0.9318181818181818	44	1
698	1.0	44	0
699	1.0	44	0
700	1.0	44	0
701	1.0	44	0
702	0.9318181818181818	44	1
703	0.9318181818181818	44	1
704	0.9318181818181818	44	1
705	1.0	44	0
706	1.0	44	0
707	0.9318181818181818	44	1
708	0.9318181818181818	44	1
709	0.9318181818181818	44	1
710	1.0	44	0
711	0.9318181818181818	44	1
712	0.9318181818181818	44	1
713	0.975609756097561	41	1
714	1.0	41	0
715	1.0	39	0
716	0.6410256410256411	39	2
717	0.6341463414634146	41	3
718	0.5853658536585366	41	3
719	0.7317073170731707	41	3
720	0.75	36	3
721	0.6764705882352942	34	2
722	0.7058823529411765	34	2
723	0.7647058823529411	34	3
724	0.8571428571428571	35	2
725	0.8857142857142857	35	2
726	0.8285714285714286	35	2
727	0.6857142857142857	35	3
728	0.6	35	3
729	0.7142857142857143	35	3
730	0.7714285714285715	35	3
731	0.6	35	3
732	0.6	35	3
733	0.6363636363636364	33	3
734	0.6666666666666666	33	3
735	0.4	10	3
736	0.75	44	3
737	0.75	44	3
738	0.6363636363636364	44	3
739	0.5909090909090909	44	3
740	0.5454545454545454	44	3
741	0.5	44	1
742	0.6818181818181818	44	3
743	0.5333333333333333	15	2
744	0.7272727272727273	11	2
745	0.36363636363636365	11	2
746	0.5	6	2
747	0.6666666666666666	3	1
748	0.6666666666666666	3	1
749	0.8333333333333334	6	1
750	0.6666666666666666	6	1
751	0.5	6	1
752	0.5	6	2
753	1.0	6	0
754	1.0	6	0
755	0.375	8	2
756	0.5	10	1
757	0.875	8	1
758	0.7045454545454546	44	3
759	0.7272727272727273	44	3
760	1.0	42	0
761	1.0	42	0
762	1.0	42	0
763	1.0	42	0
764	1.0	42	0
765	1.0	42	0
766	1.0	42	0
767	1.0	42	0
768	1.0	42	0
769	1.0	42	0
770	1.0	42	0
771	1.0	42	0
772	1.0	42	0
773	1.0	42	0
774	1.0	42	0
775	1.0	42	0
776	1.0	42	0
777	1.0	42	0
778	1.0	42	0
779	1.0	42	0
780	1.0	42	0
781	1.0	42	0
782	1.0	42	0
783	1.0	42	0
784	1.0	42	0
785	1.0	42	0
786	1.0	42	0
787	1.0	42	0
788	1.0	42	0
789	1.0	42	0
790	1.0	42	0
791	1.0	42	0
792	1.0	42	0
793	0.9761904761904762	42	1
794	1.0	42	0
795	1.0	42	0
796	0.5714285714285714	42	3
797	0.6097560975609756	41	3
798	0.6666666666666666	42	3
799	0.6666666666666666	42	3
800	0.6410256410256411	39	2
801	0.5897435897435898	39	3
802	0.6	5	1
803	1.0	10	0
804	0.8	10	1
805	0.4	10	2
806	0.5	10	2
807	0.6	10	2
808	0.8181818181818182	11	1
809	0.8529411764705882	34	2
810	0.6764705882352942	34	2
811	0.6764705882352942	34	3
812	0.7058823529411765	34	1
813	0.8529411764705882	34	1
814	0.7352941176470589	34	2
815	0.6764705882352942	34	3
816	0.8235294117647058	34	2
817	0.7941176470588235	34	2
818	0.8823529411764706	34	2
819	0.7777777777777778	27	2
820	0.8148148148148148	27	3
821	1.0	27	0
822	0.8888888888888888	27	2
823	0.6666666666666666	27	2
824	0.8333333333333334	24	2
825	0.8695652173913043	23	2
826	1.0	23	0
827	0.8260869565217391	23	2
828	0.782608695652174	23	2
829	0.782608695652174	23	2
830	0.8260869565217391	23	2
831	0.8333333333333334	12	1
832	0.75	12	2
833	1.0	9	0
834	1.0	9	0
835	1.0	9	0
836	1.0	9	0
837	1.0	9	0
838	1.0	12	0
839	1.0	12	0
840	1.0	12	0
841	1.0	12	0
842	0.75	12	1
843	0.75	12	1
844	1.0	9	0
845	1.0	9	0
846	1.0	9	0
847	1.0	9	0
848	1.0	11	0
849	0.8461538461538461	13	1
850	1.0	15	0
851	0.5294117647058824	17	3
852	0.7647058823529411	17	1
853	0.5294117647058824	17	3
854	0.9	20	1
855	0.45	20	3
856	0.8	20	2
857	0.45	20	2
858	1.0	20	0
859	0.7	20	1
860	0.5294117647058824	17	2
861	0.6470588235294118	17	1
862	0.5294117647058824	17	2
863	0.7647058823529411	17	1
864	0.7647058823529411	17	2
865	1.0	17	0
866	0.6	15	2
867	1.0	13	0
868	0.6923076923076923	13	2
869	0.6923076923076923	13	1
870	0.8181818181818182	11	1
871	1.0	11	0
872	1.0	9	0
873	1.0	9	0
874	1.0	9	0
875	1.0	9	0
876	1.0	9	0
877	1.0	9	0
878	1.0	9	0
879	1.0	9	0
880	1.0	9	0
881	1.0	9	0
882	1.0	9	0
883	1.0	9	0
884	1.0	9	0
885	1.0	9	0
886	1.0	9	0
887	1.0	9	0
888	0.8181818181818182	11	1
889	1.0	11	0
890	0.8666666666666667	15	1
891	0.7333333333333333	15	2
892	1.0	15	0
893	0.8666666666666667	15	1
894	0.6428571428571429	14	2
895	1.0	44	0
896	1.0	44	0
897	1.0	44	0
898	1.0	44	0
899	1.0	44	0
900	1.0	44	0
901	1.0	44	0
902	1.0	44	0
903	1.0	44	0
904	1.0	44	0
905	1.0	44	0
906	1.0	44	0
907	1.0	44	0
908	1.0	44	0
909	1.0	44	0
910	1.0	44	0
911	1.0	44	0
912	1.0	44	0
913	1.0	44	0
914	1.0	44	0
915	1.0	44	0
916	1.0	44	0
917	1.0	44	0
918	1.0	44	0
919	1.0	44	0
920	1.0	44	0
921	1.0	44	0
922	1.0	44	0
923	1.0	44	0
924	1.0	44	0
925	1.0	44	0
926	1.0	44	0
927	1.0	44	0
928	0.9772727272727273	44	1
929	1.0	44	0
930	1.0	44	0
931	0.5	44	3
932	0.6590909090909091	44	3
933	0.5	10	2
934	0.8	10	1
935	0.6	10	2
936	0.4	10	2
937	0.5454545454545454	44	3
938	0.7727272727272727	44	3
939	0.7727272727272727	44	3
940	0.6363636363636364	44	1
941	0.5909090909090909	44	3
942	0.6136363636363636	44	3
943	0.7272727272727273	44	2
944	0.5227272727272727	44	3
945	0.6818181818181818	44	3
946	0.6136363636363636	44	2
947	0.7272727272727273	44	3
948	0.7272727272727273	44	3
949	0.75	44	3
950	0.5909090909090909	44	3
951	0.5909090909090909	44	3
952	0.75	44	2
953	0.5909090909090909	44	3
954	0.6363636363636364	44	3
955	0.5681818181818182	44	3
956	0.4772727272727273	44	3
957	0.5909090909090909	44	3
958	0.5909090909090909	44	3
959	0.6764705882352942	34	3
960	0.7058823529411765	34	3
961	0.6176470588235294	34	3
962	0.7941176470588235	34	2
963	1.0	2	0
964	1.0	44	0
965	1.0	44	0
966	1.0	44	0
967	1.0	44	0
968	1.0	44	0
969	1.0	44	0
970	1.0	44	0
971	1.0	44	0
972	1.0	44	0
973	1.0	44	0
974	1.0	44	0
975	1.0	44	0
976	1.0	44	0
977	1.0	44	0
978	1.0	44	0
979	1.0	44	0
980	1.0	44	0
981	1.0	44	0
982	1.0	44	0
983	1.0	44	0
984	1.0	44	0
985	1.0	44	0
986	1.0	44	0
987	1.0	44	0
988	1.0	44	0
989	1.0	44	0
990	1.0	44	0
991	1.0	44	0
992	1.0	44	0
993	1.0	44	0
994	1.0	44	0
995	1.0	44	0
996	1.0	44	0
997	0.9772727272727273	44	1
998	1.0	44	0
999	1.0	44	0
1000	0.627906976744186	43	3
1001	0.8	40	1
1002	0.65	40	3
1003	0.7	40	3
1004	0.7	40	2
1005	0.6	40	3
1006	0.36363636363636365	11	3
1007	0.6	40	3
1008	0.65	40	2
1009	0.75	40	3
1010	0.525	40	2
1011	0.725	40	1
1012	0.775	40	3
1013	0.65	40	2
1014	0.525	40	2
1015	0.575	40	3
1016	0.8	40	2
1017	0.6	40	2
1018	1.0	1	0
1019	0.5	2	1
1020	0.5	2	1
1021	0.5	2	1
1022	1.0	2	0
1023	0.5	2	1
1024	0.6	5	2
1025	0.75	40	2
1026	0.7380952380952381	42	3
1027	0.7142857142857143	42	2
1028	0.6190476190476191	42	3
1029	0.7857142857142857	42	2
1030	0.7380952380952381	42	3
1031	0.8095238095238095	42	2
1032	0.5714285714285714	7	2
1033	0.5714285714285714	7	1
1034	1.0	3	0
1035	1.0	3	0
1036	0.6	5	1
1037	0.6	5	1
1038	0.6	5	1
1039	0.5555555555555556	9	3
1040	0.4444444444444444	9	3
1041	0.7777777777777778	9	1
1042	0.5681818181818182	44	3
1043	0.5	44	3
1044	0.6363636363636364	44	3
1045	0.5681818181818182	44	3
1046	1.0	44	0
1047	1.0	44	0
1048	1.0	44	0
1049	1.0	44	0
1050	1.0	44	0
1051	1.0	44	0
1052	1.0	44	0
1053	1.0	44	0
1054	1.0	44	0
1055	1.0	44	0
1056	1.0	44	0
1057	1.0	44	0
1058	1.0	44	0
1059	1.0	44	0
1060	1.0	44	0
1061	1.0	44	0
1062	1.0	44	0
1063	1.0	44	0
1064	1.0	44	0
1065	1.0	44	0
1066	1.0	44	0
1067	1.0	44	0
1068	1.0	44	0
1069	1.0	44	0
1070	1.0	44	0
1071	1.0	44	0
1072	1.0	44	0
1073	1.0	44	0
1074	1.0	44	0
1075	1.0	44	0
1076	1.0	44	0
1077	1.0	44	0
1078	1.0	44	0
1079	1.0	44	0
1080	1.0	44	0
1081	1.0	44	0
1082	1.0	2	0
1083	1.0	3	0
1084	0.6842105263157895	38	3
1085	0.5789473684210527	38	2
1086	0.8157894736842105	38	1
1087	0.7894736842105263	38	3
1088	0.7105263157894737	38	3
1089	0.6842105263157895	38	3
1090	0.6842105263157895	38	2
1091	0.8157894736842105	38	2
1092	0.6842105263157895	38	2
1093	0.6578947368421053	38	3
1094	0.7894736842105263	38	2
1095	0.5526315789473685	38	3
1096	0.7631578947368421	38	2
1097	0.6578947368421053	38	3
1098	0.6842105263157895	38	2
1099	0.7631578947368421	38	3
1100	0.7631578947368421	38	2
1101	0.6842105263157895	38	3
1102	0.6842105263157895	38	2
1103	0.6578947368421053	38	3
1104	0.5789473684210527	38	3
1105	0.7631578947368421	38	2
1106	0.6842105263157895	38	3
1107	0.7142857142857143	35	3
1108	0.6111111111111112	36	2
1109	0.6842105263157895	38	3
1110	0.6578947368421053	38	2
1111	0.5853658536585366	41	3
1112	0.975609756097561	41	1
1113	1.0	41	0
1114	0.9512195121951219	41	1
1115	0.9318181818181818	44	2
1116	0.8636363636363636	44	3
1117	0.8863636363636364	44	1
1118	0.8636363636363636	44	3
1119	1.0	44	0
1120	0.8636363636363636	44	2
1121	0.8636363636363636	44	3
1122	0.8863636363636364	44	2
1123	0.8863636363636364	44	1
1124	0.8863636363636364	44	2
1125	0.9772727272727273	44	1
1126	0.8863636363636364	44	1
1127	0.9318181818181818	44	1
1128	0.9318181818181818	44	1
1129	1.0	44	0
1130	0.8636363636363636	44	2
1131	0.9318181818181818	44	1
1132	0.9090909090909091	44	1
1133	0.9545454545454546	44	1
1134	1.0	44	0
1135	1.0	44	0
1136	1.0	38	0
1137	1.0	38	0
1138	1.0	38	0
1139	1.0	38	0
1140	1.0	38	0
1141	1.0	38	0
1142	1.0	38	0
1143	1.0	38	0
1144	1.0	38	0
1145	1.0	38	0
1146	1.0	38	0
1147	1.0	38	0
1148	0.8275862068965517	29	1
1149	0.7241379310344828	29	2
1150	0.8275862068965517	29	1
1151	0.8620689655172413	29	1
1152	0.8275862068965517	29	2
1153	0.7931034482758621	29	2
1154	0.8518518518518519	27	2
1155	0.8888888888888888	27	1
1156	0.7777777777777778	27	2
1157	0.8275862068965517	29	2
1158	0.8235294117647058	34	2
1159	1.0	34	0
1160	0.9117647058823529	34	2
1161	1.0	5	0
1162	0.6666666666666666	3	1
1163	1.0	3	0
1164	1.0	5	0
1165	1.0	4	0
1166	1.0	2	0
1167	1.0	2	0
1168	0.5	4	1
1169	0.3333333333333333	6	2
1170	0.7777777777777778	9	1
1171	0.7777777777777778	9	1
1172	0.868421052631579	38	2
1173	0.7631578947368421	38	2
1174	0.8421052631578947	38	1
1175	0.9473684210526315	38	1
1176	0.8421052631578947	38	1
1177	0.7714285714285715	35	2
1178	0.6571428571428571	35	3
1179	0.8	35	3
1180	0.8378378378378378	37	2
1181	0.8918918918918919	37	2
1182	0.8108108108108109	37	2
1183	0.7567567567567568	37	3
1184	0.7567567567567568	37	2
1185	0.4444444444444444	9	2
1186	0.5555555555555556	9	1
1187	0.7142857142857143	7	1
1188	1.0	2	0
1189	1.0	2	0
1190	1.0	2	0
1191	1.0	5	0
1192	0.625	8	1
1193	0.75	8	1
1194	0.625	8	1
1195	1.0	8	0
1196	0.6363636363636364	11	2
1197	0.625	16	3
1198	0.5909090909090909	44	3
1199	0.7272727272727273	44	3
1200	1.0	44	0
1201	1.0	44	0
1202	1.0	44	0
1203	1.0	44	0
1204	1.0	44	0
1205	1.0	44	0
1206	1.0	44	0
1207	1.0	44	0
1208	1.0	44	0
1209	1.0	44	0
1210	1.0	44	0
1211	1.0	44	0
1212	1.0	44	0
1213	1.0	44	0
1214	1.0	44	0
1215	1.0	44	0
1216	1.0	44	0
1217	1.0	44	0
1218	1.0	44	0
1219	1.0	44	0
1220	1.0	44	0
1221	1.0	44	0
1222	1.0	44	0
1223	1.0	44	0
1224	1.0	44	0
1225	1.0	44	0
1226	1.0	44	0
1227	1.0	44	0
1228	1.0	44	0
1229	1.0	44	0
1230	1.0	44	0
1231	1.0	44	0
1232	1.0	44	0
1233	1.0	44	0
1234	1.0	44	0
1235	1.0	44	0
1236	0.65	40	3
1237	0.725	40	2
1238	0.725	40	3
1239	0.775	40	3
1240	0.75	40	3
1241	0.85	40	1
1242	0.7941176470588235	34	3
1243	0.7058823529411765	34	3
1244	0.9117647058823529	34	1
1245	0.8529411764705882	34	2
1246	0.8529411764705882	34	2
1247	0.9375	32	1
1248	1.0	2	0
1249	1.0	2	0
1250	1.0	2	0
1251	1.0	2	0
1252	1.0	2	0
1253	1.0	2	0
1254	1.0	5	0
1255	0.6	5	1
1256	1.0	5	0
1257	0.8823529411764706	34	2
1258	0.8529411764705882	34	1
1259	0.8529411764705882	34	1
1260	0.9117647058823529	34	1
1261	0.9411764705882353	34	1
1262	0.6875	32	3
1263	0.90625	32	1
1264	1.0	25	0
1265	1.0	25	0
1266	1.0	25	0
1267	1.0	22	0
1268	1.0	22	0
1269	1.0	22	0
1270	1.0	22	0
1271	1.0	22	0
1272	1.0	22	0
1273	1.0	22	0
1274	1.0	24	0
1275	1.0	24	0
1276	1.0	24	0
1277	1.0	24	0
1278	1.0	24	0
1279	1.0	28	0
1280	0.8571428571428571	28	1
1281	1.0	28	0
1282	1.0	28	0
1283	0.8571428571428571	28	1
1284	1.0	29	0
1285	0.90625	32	1
1286	1.0	32	0
1287	1.0	32	0
1288	0.84375	32	1
1289	0.7058823529411765	34	2
1290	0.7058823529411765	34	3
1291	1.0	35	0
1292	0.7714285714285715	35	2
1293	0.6857142857142857	35	2
1294	0.8857142857142857	35	1
1295	0.9142857142857143	35	1
1296	0.9714285714285714	35	1
1297	0.8620689655172413	29	2
1298	0.896551724137931	29	1
1299	0.9642857142857143	28	1
1300	0.8571428571428571	28	2
1301	0.8571428571428571	28	2
1302	1.0	24	0
1303	1.0	24	0
1304	1.0	24	0
1305	1.0	24	0
1306	1.0	24	0
1307	1.0	24	0
1308	1.0	24	0
1309	1.0	24	0
1310	0.8181818181818182	22	2
1311	0.8181818181818182	22	2
1312	0.8181818181818182	22	2
1313	0.8181818181818182	22	2
1314	0.8181818181818182	22	2
1315	0.8181818181818182	22	2
1316	0.8181818181818182	22	2
1317	1.0	22	0
1318	0.8181818181818182	22	2
1319	1.0	22	0
1320	0.8181818181818182	22	2
1321	0.9090909090909091	22	1
1322	0.8181818181818182	22	2
1323	0.8181818181818182	22	2
1324	0.8181818181818182	22	1
1325	0.9090909090909091	22	1
1326	0.9090909090909091	22	1
1327	0.9090909090909091	22	1
1328	0.9090909090909091	22	1
1329	0.8181818181818182	22	1
1330	0.9090909090909091	22	1
1331	0.9090909090909091	22	1
1332	0.8181818181818182	22	2
1333	0.9	20	1
1334	0.9090909090909091	22	1
1335	0.8181818181818182	22	2
1336	0.9090909090909091	22	1
1337	0.9090909090909091	22	1
1338	1.0	22	0
1339	1.0	22	0
1340	1.0	22	0
1341	1.0	22	0
1342	1.0	22	0
1343	1.0	22	0
1344	1.0	22	0
1345	1.0	22	0
1346	1.0	22	0
1347	1.0	22	0
1348	1.0	22	0
1349	1.0	22	0
1350	1.0	22	0
1351	1.0	22	0
1352	1.0	22	0
1353	1.0	22	0
1354	1.0	22	0
1355	1.0	23	0
1356	1.0	23	0
1357	1.0	23	0
1358	0.9565217391304348	23	1
1359	1.0	23	0
1360	1.0	23	0
1361	0.9565217391304348	23	1
1362	1.0	23	0
1363	1.0	22	0
1364	1.0	22	0
1365	1.0	22	0
1366	1.0	22	0
1367	1.0	22	0
1368	1.0	22	0
1369	1.0	22	0
1370	1.0	22	0
1371	1.0	22	0
1372	1.0	22	0
1373	1.0	22	0
1374	0.8333333333333334	24	1
1375	0.8333333333333334	24	1
1376	0.9166666666666666	24	1
1377	0.8333333333333334	24	2
1378	0.75	24	2
1379	0.75	24	2
1380	0.9166666666666666	24	1
1381	0.75	24	2
1382	0.75	24	1
1383	0.8333333333333334	24	2
1384	0.75	24	2
1385	0.8333333333333334	24	2
1386	0.9166666666666666	24	1
1387	0.75	24	2
1388	0.8333333333333334	24	2
1389	0.8333333333333334	24	2
1390	0.92	25	1
1391	0.6666666666666666	30	2
1392	0.8181818181818182	33	1
1393	0.7575757575757576	33	2
1394	0.5454545454545454	33	2
1395	0.7575757575757576	33	1
1396	0.696969696969697	33	3
1397	0.7714285714285715	35	2
1398	0.6829268292682927	41	3
1399	0.6744186046511628	43	3
1400	0.5813953488372093	43	3
1401	0.627906976744186	43	3
1402	1.0	43	0
1403	1.0	43	0
1404	1.0	43	0
1405	1.0	43	0
1406	1.0	43	0
1407	1.0	43	0
1408	1.0	43	0
1409	1.0	43	0
1410	1.0	43	0
1411	1.0	43	0
1412	1.0	43	0
1413	1.0	2	-1
1414	1.0	2	-1
1415	1.0	2	-1
1416	1.0	2	-1
1417	1.0	2	-1
1418	1.0	2	-1
1419	1.0	2	-1
1420	1.0	2	-1
1421	1.0	2	-1
1422	1.0	2	-1
1423	1.0	2	-1
1424	1.0	2	-1
1425	1.0	2	-1
1426	1.0	2	-1
1427	1.0	2	-1
1428	1.0	2	-1
1429	1.0	2	-1
1430	1.0	2	-1
1431	1.0	2	-1
1432	1.0	2	-1
1433	1.0	2	-1
1434	1.0	2	-1
1435	1.0	2	-1
1436	1.0	2	-1
1437	1.0	2	-1
1438	1.0	2	-1
1439	1.0	2	-1
1440	1.0	2	-1
1441	1.0	2	-1
1442	1.0	2	-1
1443	1.0	2	-1
1444	1.0	2	-1
1445	1.0	2	-1
1446	1.0	2	-1
1447	1.0	2	-1
1448	1.0	2	-1
1449	1.0	2	-1
1450	1.0	2	-1
1451	1.0	2	-1
1452	1.0	2	-1
1453	1.0	2	-1
1454	1.0	2	-1
1455	1.0	2	-1
1456	1.0	2	-1
1457	1.0	2	-1
1458	1.0	2	-1
1459	1.0	2	-1
1460	1.0	2	-1
1461	1.0	2	-1
1462	1.0	2	-1
1463	1.0	2	-1
1464	1.0	2	-1
1465	1.0	2	-1
1466	1.0	2	-1
1467	1.0	2	-1
1468	1.0	2	-1
1469	1.0	2	-1
1470	1.0	2	-1
1471	1.0	2	-1
1472	1.0	2	-1
1473	1.0	2	-1
1474	1.0	2	-1
1475	1.0	2	-1
1476	1.0	2	-1
1477	1.0	2	-1
1478	1.0	2	-1
1479	1.0	2	-1
1480	1.0	2	-1
1481	1.0	2	-1
1482	1.0	2	-1
1483	1.0	2	-1
1484	1.0	2	-1
1485	1.0	2	-1
1486	1.0	2	-1
1487	1.0	2	-1
1488	1.0	2	-1
1489	1.0	2	-1
1490	1.0	2	-1
1491	1.0	2	-1
1492	1.0	2	-1
1493	1.0	2	-1
1494	1.0	2	-1
1495	1.0	2	-1
1496	1.0	2	-1
1497	1.0	2	-1
1498	1.0	2	-1
1499	1.0	2	-1
1500	1.0	43	0
1501	1.0	43	0
1502	1.0	43	0
1503	1.0	43	0
1504	1.0	43	0
1505	1.0	43	0
1506	1.0	43	0
1507	1.0	43	0
1508	1.0	43	0
1509	1.0	43	0
1510	1.0	43	0
1511	1.0	43	0
1512	1.0	43	0
1513	1.0	43	0
1514	1.0	43	0
1515	1.0	43	0
1516	1.0	43	0
1517	1.0	43	0
1518	1.0	43	0
1519	1.0	43	0
1520	1.0	43	0
1521	1.0	43	0
1522	1.0	43	0
1523	1.0	43	0
1524	1.0	43	0
1525	0.8666666666666667	15	1
1526	0.4	15	2
1527	0.5	12	1
1528	0.5	12	2
1529	1.0	3	0
1530	1.0	3	0
1531	1.0	3	0
1532	1.0	3	0
1533	1.0	3	0
1534	1.0	3	0
1535	1.0	3	0
1536	1.0	3	0
1537	0.7272727272727273	11	1
1538	0.5116279069767442	43	3
1539	0.6976744186046512	43	3
1540	0.7441860465116279	43	3
1541	0.8372093023255814	43	2
1542	0.5581395348837209	43	2
1543	0.6046511627906976	43	3
1544	0.6976744186046512	43	3
1545	0.6976744186046512	43	3
1546	0.6511627906976745	43	2
1547	0.6976744186046512	43	3
1548	0.6744186046511628	43	3
1549	0.8372093023255814	43	2
1550	0.8372093023255814	43	2
1551	0.8372093023255814	43	1
1552	0.9302325581395349	43	2
1553	0.575	40	3
1554	0.6	40	3
1555	0.9	40	2
1556	0.575	40	3
1557	0.975	40	1
1558	1.0	29	0
1559	0.8148148148148148	27	1
1560	0.7096774193548387	31	3
1561	0.8064516129032258	31	2
1562	0.8064516129032258	31	2
1563	0.9090909090909091	33	1
1564	0.725	40	3
1565	0.575	40	3
1566	0.725	40	3
1567	1.0	43	0
1568	1.0	43	0
1569	1.0	43	0
1570	1.0	43	0
1571	1.0	43	0
1572	1.0	43	0
1573	1.0	43	0
1574	1.0	43	0
1575	1.0	43	0
1576	1.0	43	0
1577	1.0	43	0
1578	1.0	43	0
1579	1.0	43	0
1580	1.0	43	0
1581	1.0	43	0
1582	1.0	43	0
1583	1.0	43	0
1584	1.0	43	0
1585	1.0	43	0
1586	1.0	43	0
1587	1.0	43	0
1588	1.0	43	0
1589	1.0	43	0
1590	1.0	43	0
1591	1.0	43	0
1592	1.0	43	0
1593	1.0	43	0
1594	1.0	43	0
1595	1.0	43	0
1596	1.0	43	0
1597	1.0	43	0
1598	1.0	43	0
1599	1.0	43	0
1600	1.0	43	0
1601	1.0	43	0
1602	1.0	43	0
1603	0.8571428571428571	35	2
1604	0.6285714285714286	35	3
1605	0.6571428571428571	35	1
1606	0.84375	32	2
1607	0.7333333333333333	30	2
1608	0.7333333333333333	30	2
1609	0.8666666666666667	30	1
1610	0.7333333333333333	30	2
1611	1.0	30	0
1612	0.8333333333333334	30	1
1613	0.8333333333333334	30	2
1614	0.5714285714285714	7	1
1615	0.5714285714285714	7	1
1616	1.0	7	0
1617	0.5714285714285714	7	1
1618	1.0	7	0
1619	0.5	8	1
1620	0.8333333333333334	30	1
1621	0.7333333333333333	30	1
1622	0.8333333333333334	30	1
1623	0.7333333333333333	30	2
1624	1.0	30	0
1625	0.9666666666666667	30	1
1626	0.7333333333333333	30	2
1627	0.9	30	1
1628	0.7666666666666667	30	1
1629	1.0	22	0
1630	0.9565217391304348	23	1
1631	1.0	23	0
1632	0.9565217391304348	23	1
1633	1.0	23	0
1634	1.0	23	0
1635	0.6666666666666666	33	3
1636	0.6666666666666666	33	3
1637	0.8571428571428571	35	1
1638	0.9142857142857143	35	1
1639	0.8571428571428571	35	2
1640	0.9142857142857143	35	1
1641	0.9142857142857143	35	1
1642	0.9142857142857143	35	1
1643	0.8571428571428571	35	1
1644	1.0	35	0
1645	0.8571428571428571	35	1
1646	0.9428571428571428	35	1
1647	1.0	35	0
1648	1.0	35	0
1649	0.9142857142857143	35	1
1650	0.9428571428571428	35	1
1651	1.0	35	0
1652	0.8571428571428571	35	2
1653	0.8571428571428571	35	1
1654	0.8571428571428571	35	2
1655	0.9142857142857143	35	1
1656	0.8571428571428571	35	1
1657	0.9428571428571428	35	1
1658	1.0	35	0
1659	0.9696969696969697	33	1
1660	1.0	30	0
1661	1.0	30	0
1662	1.0	30	0
1663	1.0	30	0
1664	1.0	30	0
1665	1.0	30	0
1666	1.0	30	0
1667	1.0	30	0
1668	1.0	30	0
1669	1.0	30	0
1670	1.0	30	0
1671	1.0	30	0
1672	1.0	30	0
1673	0.9	30	1
1674	0.9	30	1
1675	0.9	30	1
1676	0.9	30	1
1677	0.9	30	1
1678	0.9	30	1
1679	1.0	30	0
1680	1.0	30	0
1681	1.0	30	0
1682	1.0	30	0
1683	0.9	30	1
1684	1.0	30	0
1685	0.9	30	1
1686	0.9	30	1
1687	0.9	30	1
1688	0.9	30	1
1689	0.9	30	1
1690	0.9	30	1
1691	0.9	30	1
1692	1.0	30	0
1693	0.9	30	1
1694	0.9	30	1
1695	0.9	30	1
1696	1.0	30	0
1697	0.9	30	1
1698	0.9	30	1
1699	0.896551724137931	29	1
1700	1.0	31	0
1701	1.0	32	0
1702	1.0	32	0
1703	1.0	32	0
1704	1.0	32	0
1705	1.0	32	0
1706	1.0	32	0
1707	1.0	32	0
1708	1.0	32	0
1709	1.0	32	0
1710	1.0	32	0
1711	1.0	32	0
1712	1.0	32	0
1713	1.0	32	0
1714	1.0	32	0
1715	1.0	32	0
1716	1.0	32	0
1717	1.0	32	0
1718	1.0	32	0
1719	1.0	32	0
1720	1.0	32	0
1721	1.0	32	0
1722	1.0	32	0
1723	1.0	32	0
1724	1.0	32	0
1725	1.0	32	0
1726	1.0	35	0
1727	1.0	35	0
1728	0.9142857142857143	35	1
1729	1.0	35	0
1730	1.0	35	0
1731	1.0	35	0
1732	1.0	35	0
1733	0.9142857142857143	35	1
1734	0.9142857142857143	35	1
1735	1.0	35	0
1736	0.9142857142857143	35	1
1737	0.9090909090909091	33	1
1738	0.8181818181818182	33	1
1739	0.8181818181818182	33	3
1740	0.8181818181818182	33	3
1741	0.8181818181818182	33	2
1742	0.7272727272727273	33	3
1743	0.8181818181818182	33	2
1744	0.8787878787878788	33	2
1745	0.8484848484848485	33	1
1746	1.0	33	0
1747	0.9090909090909091	33	1
1748	0.8709677419354839	31	2
1749	1.0	31	0
1750	0.8064516129032258	31	2
1751	0.8064516129032258	31	1
1752	0.8709677419354839	31	2
1753	0.9	30	1
1754	0.9642857142857143	28	1
1755	0.8888888888888888	27	1
1756	0.8888888888888888	27	1
1757	0.8888888888888888	27	1
1758	0.8888888888888888	27	1
1759	0.8888888888888888	27	1
1760	1.0	27	0
1761	0.8888888888888888	27	1
1762	0.8888888888888888	27	1
1763	0.8888888888888888	27	1
1764	0.8888888888888888	27	1
1765	1.0	23	0
1766	1.0	23	0
1767	1.0	23	0
1768	1.0	23	0
1769	1.0	23	0
1770	1.0	23	0
1771	1.0	23	0
1772	1.0	23	0
1773	1.0	23	0
1774	1.0	23	0
1775	1.0	23	0
1776	1.0	23	0
1777	1.0	23	0
1778	1.0	25	0
1779	0.92	25	1
1780	1.0	25	0
1781	1.0	25	0
1782	0.92	25	1
1783	1.0	25	0
1784	1.0	25	0
1785	0.92	25	1
1786	0.92	25	1
1787	1.0	25	0
1788	1.0	25	0
1789	0.92	25	1
1790	1.0	23	0
1791	1.0	23	0
1792	1.0	23	0
1793	1.0	23	0
1794	1.0	23	0
1795	1.0	23	0
1796	1.0	23	0
1797	1.0	23	0
1798	1.0	23	0
1799	1.0	23	0
1800	1.0	23	0
1801	1.0	25	0
1802	1.0	25	0
1803	1.0	25	0
1804	1.0	25	0
1805	1.0	25	0
1806	1.0	25	0
1807	1.0	25	0
1808	1.0	25	0
1809	1.0	25	0
1810	1.0	25	0
1811	1.0	25	0
1812	1.0	25	0
1813	1.0	25	0
1814	1.0	25	0
1815	1.0	25	0
1816	1.0	25	0
1817	1.0	25	0
1818	1.0	25	0
1819	1.0	26	0
1820	1.0	26	0
1821	0.9615384615384616	26	1
1822	1.0	26	0
1823	0.9615384615384616	26	1
1824	1.0	26	0
1825	0.9642857142857143	28	1
1826	0.8928571428571429	28	1
1827	1.0	28	0
1828	0.896551724137931	29	1
1829	0.9032258064516129	31	1
1830	1.0	37	0
1831	1.0	37	0
1832	1.0	37	0
1833	1.0	37	0
1834	1.0	37	0
1835	1.0	37	0
1836	1.0	37	0
1837	1.0	37	0
1838	1.0	37	0
1839	1.0	37	0
1840	1.0	37	0
1841	1.0	37	0
1842	1.0	40	0
1843	1.0	40	0
1844	0.925	40	1
1845	1.0	40	0
1846	0.925	40	1
1847	0.925	40	1
1848	0.925	40	1
1849	1.0	42	0
1850	0.8809523809523809	42	2
1851	0.8809523809523809	42	1
1852	0.8809523809523809	42	2
1853	0.9285714285714286	42	1
1854	1.0	42	0
1855	0.9523809523809523	42	1
1856	0.9285714285714286	42	1
1857	0.9523809523809523	42	1
1858	0.9523809523809523	42	1
1859	1.0	42	0
1860	0.8809523809523809	42	1
1861	1.0	42	0
1862	1.0	42	0
1863	1.0	42	0
1864	1.0	42	0
1865	0.9523809523809523	42	1
1866	0.8717948717948718	39	1
1867	0.7948717948717948	39	2
1868	0.8571428571428571	35	2
1869	1.0	37	0
1870	0.7941176470588235	34	1
1871	0.9411764705882353	34	1
1872	0.84375	32	1
1873	0.84375	32	2
1874	0.90625	32	1
1875	0.90625	32	1
1876	0.9375	32	1
1877	0.84375	32	1
1878	0.90625	32	1
1879	0.90625	32	1
1880	1.0	32	0
1881	0.9117647058823529	34	1
1882	1.0	34	0
1883	0.9411764705882353	34	1
1884	1.0	34	0
1885	0.8823529411764706	34	2
1886	0.9117647058823529	34	1
1887	0.8823529411764706	34	2
1888	0.7941176470588235	34	2
1889	0.8529411764705882	34	1
1890	0.84375	32	2
1891	0.84375	32	2
1892	0.84375	32	2
1893	0.9375	32	1
1894	0.9	30	1
1895	1.0	38	0
1896	1.0	38	0
1897	1.0	38	0
1898	1.0	38	0
1899	1.0	38	0
1900	1.0	38	0
1901	1.0	38	0
1902	1.0	38	0
1903	1.0	38	0
1904	1.0	38	0
1905	1.0	38	0
1906	1.0	38	0
1907	1.0	38	0
1908	1.0	38	0
1909	1.0	38	0
1910	1.0	38	0
1911	1.0	38	0
1912	1.0	38	0
1913	1.0	38	0
1914	1.0	38	0
1915	1.0	38	0
1916	1.0	38	0
1917	1.0	38	0
1918	1.0	38	0
1919	1.0	38	0
1920	1.0	38	0
1921	1.0	38	0
1922	1.0	38	0
1923	1.0	38	0
1924	1.0	38	0
1925	1.0	38	0
1926	1.0	38	0
1927	1.0	38	0
1928	1.0	38	0
1929	1.0	38	0
1930	1.0	38	0
1931	0.9473684210526315	38	1
1932	0.9333333333333333	30	1
1933	0.9285714285714286	28	1
1934	0.9285714285714286	28	1
1935	0.9285714285714286	28	1
1936	0.9285714285714286	28	1
1937	1.0	28	0
1938	1.0	28	0
1939	1.0	26	0
1940	1.0	26	0
1941	1.0	26	0
1942	1.0	26	0
1943	1.0	26	0
1944	1.0	26	0
1945	1.0	26	0
1946	1.0	26	0
1947	1.0	26	0
1948	1.0	26	0
1949	1.0	26	0
1950	1.0	26	0
1951	1.0	26	0
1952	1.0	26	0
1953	1.0	26	0
1954	1.0	26	0
1955	1.0	26	0
1956	1.0	26	0
1957	1.0	26	0
1958	1.0	26	0
1959	1.0	26	0
1960	1.0	22	0
1961	1.0	22	0
1962	1.0	22	0
1963	1.0	22	0
1964	1.0	22	0
1965	1.0	22	0
1966	1.0	22	0
1967	1.0	22	0
1968	1.0	22	0
1969	1.0	22	0
1970	1.0	22	0
1971	1.0	22	0
1972	1.0	22	0
1973	1.0	22	0
1974	1.0	22	0
1975	1.0	22	0
1976	1.0	22	0
1977	1.0	22	0
1978	1.0	22	0
1979	1.0	22	0
1980	1.0	22	0
1981	1.0	22	0
1982	1.0	22	0
1983	1.0	22	0
1984	1.0	22	0
1985	1.0	22	0
1986	1.0	22	0
1987	1.0	22	0
1988	1.0	22	0
1989	1.0	22	0
1990	1.0	22	0
1991	1.0	22	0
1992	1.0	22	0
1993	1.0	22	0
1994	1.0	22	0
1995	1.0	22	0
1996	1.0	22	0
1997	1.0	22	0
1998	1.0	26	0
1999	1.0	26	0
2000	1.0	26	0
2001	0.9230769230769231	26	1
2002	0.9230769230769231	26	1
2003	0.9230769230769231	26	1
2004	1.0	26	0
2005	0.9230769230769231	26	1
2006	1.0	26	0
2007	1.0	26	0
2008	0.9230769230769231	26	1
2009	1.0	26	0
2010	1.0	26	0
2011	0.9285714285714286	28	1
2012	1.0	28	0
2013	0.9285714285714286	28	1
2014	0.9285714285714286	28	1
2015	0.9285714285714286	28	1
2016	0.9285714285714286	28	1
2017	1.0	28	0
2018	0.9285714285714286	28	1
2019	0.9285714285714286	28	1
2020	1.0	24	0
2021	1.0	24	0
2022	1.0	24	0
2023	1.0	22	0
2024	1.0	24	0
2025	1.0	24	0
2026	1.0	24	0
2027	1.0	24	0
2028	1.0	24	0
2029	1.0	24	0
2030	1.0	24	0
2031	1.0	24	0
2032	1.0	24	0
2033	1.0	24	0
2034	1.0	24	0
2035	1.0	24	0
2036	1.0	24	0
2037	1.0	24	0
2038	1.0	24	0
2039	1.0	24	0
2040	1.0	24	0
2041	1.0	24	0
2042	1.0	24	0
2043	1.0	24	0
2044	1.0	24	0
2045	1.0	24	0
2046	1.0	24	0
2047	1.0	24	0
2048	1.0	24	0
2049	1.0	24	0
2050	1.0	24	0
2051	1.0	24	0
2052	1.0	24	0
2053	1.0	24	0
2054	1.0	24	0
2055	1.0	24	0
2056	1.0	24	0
2057	1.0	24	0
2058	1.0	24	0
2059	1.0	24	0
2060	1.0	24	0
2061	1.0	30	0
2062	1.0	30	0
2063	1.0	30	0
2064	1.0	30	0
2065	1.0	30	0
2066	1.0	30	0
2067	1.0	30	0
2068	1.0	30	0
2069	0.9375	32	1
2070	1.0	32	0
2071	0.9375	32	1
2072	1.0	32	0
2073	0.9375	32	1
2074	0.9333333333333333	30	1
2075	1.0	30	0
2076	0.9333333333333333	30	1
2077	0.9375	32	1
2078	1.0	32	0
2079	1.0	32	0
2080	1.0	32	0
2081	1.0	32	0
2082	0.9375	32	1
2083	0.9375	32	1
2084	1.0	34	0
2085	0.9411764705882353	34	1
2086	0.9411764705882353	34	1
2087	0.8823529411764706	34	1
2088	1.0	36	0
2089	1.0	36	0
2090	1.0	36	0
2091	1.0	36	0
2092	1.0	36	0
2093	1.0	36	0
2094	1.0	36	0
2095	1.0	36	0
2096	1.0	36	0
2097	1.0	36	0
2098	1.0	36	0
2099	1.0	36	0
2100	1.0	36	0
2101	1.0	36	0
2102	1.0	36	0
2103	1.0	36	0
2104	1.0	36	0
2105	1.0	36	0
2106	1.0	36	0
2107	1.0	36	0
2108	1.0	36	0
2109	1.0	36	0
2110	1.0	36	0
2111	1.0	36	0
2112	1.0	36	0
2113	1.0	36	0
2114	1.0	36	0
2115	1.0	36	0
2116	1.0	36	0
2117	1.0	36	0
2118	1.0	36	0
2119	1.0	36	0
2120	1.0	36	0
2121	1.0	36	0
2122	1.0	36	0
2123	1.0	36	0
2124	1.0	36	0
2125	0.9444444444444444	36	1
2126	1.0	36	0
2127	1.0	36	0
2128	1.0	36	0
2129	1.0	36	0
2130	1.0	36	0
2131	0.9444444444444444	36	1
2132	0.9444444444444444	36	1
2133	1.0	36	0
2134	0.9444444444444444	36	1
2135	0.9444444444444444	36	1
2136	0.9444444444444444	36	1
2137	0.9444444444444444	36	1
2138	0.9444444444444444	36	1
2139	0.9444444444444444	36	1
2140	0.9444444444444444	36	1
2141	0.9444444444444444	36	1
2142	0.9444444444444444	36	1
2143	0.9444444444444444	36	1
2144	0.9444444444444444	36	1
2145	1.0	36	0
2146	1.0	36	0
2147	0.9444444444444444	36	1
2148	1.0	36	0
2149	0.9444444444444444	36	1
2150	1.0	36	0
2151	0.9444444444444444	36	1
2152	0.9444444444444444	36	1
2153	1.0	35	0
2154	1.0	35	0
2155	1.0	35	0
2156	1.0	35	0
2157	1.0	35	0
2158	1.0	35	0
2159	1.0	35	0
2160	1.0	35	0
2161	1.0	35	0
2162	1.0	35	0
2163	1.0	35	0
2164	1.0	35	0
2165	1.0	35	0
2166	1.0	35	0
2167	1.0	35	0
2168	1.0	35	0
2169	1.0	35	0
2170	1.0	35	0
2171	1.0	35	0
2172	1.0	35	0
2173	1.0	35	0
2174	1.0	35	0
2175	1.0	35	0
2176	1.0	35	0
2177	1.0	35	0
2178	1.0	35	0
2179	1.0	35	0
2180	1.0	35	0
2181	1.0	35	0
2182	1.0	35	0
2183	1.0	35	0
2184	1.0	35	0
2185	1.0	35	0
2186	1.0	35	0
2187	1.0	35	0
2188	1.0	35	0
2189	1.0	38	0
2190	1.0	38	0
2191	1.0	38	0
2192	1.0	38	0
2193	0.9473684210526315	38	1
2194	1.0	38	0
2195	1.0	38	0
2196	0.9473684210526315	38	1
2197	1.0	38	0
2198	1.0	38	0
2199	1.0	38	0
2200	1.0	38	0
2201	1.0	38	0
2202	1.0	38	0
2203	1.0	38	0
2204	1.0	40	0
2205	0.95	40	1
2206	1.0	40	0
2207	1.0	40	0
2208	0.95	40	1
2209	1.0	40	0
2210	1.0	40	0
2211	0.95	40	1
2212	0.95	40	1
2213	0.9	40	1
2214	0.95	40	1
2215	0.95	40	1
2216	0.95	40	1
2217	1.0	39	0
2218	1.0	39	0
2219	1.0	39	0
2220	1.0	39	0
2221	1.0	39	0
2222	1.0	39	0
2223	1.0	39	0
2224	1.0	39	0
2225	1.0	39	0
2226	1.0	39	0
2227	1.0	39	0
2228	1.0	39	0
2229	1.0	39	0
2230	1.0	39	0
2231	1.0	39	0
2232	1.0	39	0
2233	1.0	39	0
2234	1.0	39	0
2235	1.0	39	0
2236	1.0	39	0
2237	1.0	39	0
2238	1.0	39	0
2239	1.0	39	0
2240	1.0	39	0
2241	1.0	39	0
2242	1.0	39	0
2243	1.0	39	0
2244	1.0	39	0
2245	1.0	39	0
2246	1.0	39	0
2247	1.0	39	0
2248	1.0	39	0
2249	1.0	39	0
2250	1.0	39	0
2251	1.0	39	0
2252	1.0	39	0
2253	1.0	37	0
2254	1.0	37	0
2255	0.9459459459459459	37	1
2256	0.9459459459459459	37	1
2257	1.0	37	0
2258	0.9459459459459459	37	1
2259	1.0	38	0
2260	0.9473684210526315	38	1
2261	0.9473684210526315	38	1
2262	1.0	38	0
2263	1.0	38	0
2264	0.9473684210526315	38	1
2265	1.0	38	0
2266	0.9473684210526315	38	1
2267	1.0	38	0
2268	0.9473684210526315	38	1
2269	0.95	40	1
2270	0.95	40	1
2271	0.9	40	1
2272	0.9	40	2
2273	0.95	40	1
2274	0.95	40	1
2275	0.95	40	1
2276	0.95	40	1
2277	0.95	40	1
2278	0.95	40	1
2279	0.95	40	1
2280	0.95	40	1
2281	1.0	2	0
2282	1.0	2	0
2283	1.0	2	0
2284	1.0	2	0
2285	1.0	2	0
2286	1.0	2	0
2287	1.0	2	0
2288	1.0	2	0
2289	1.0	2	0
2290	1.0	2	0
2291	1.0	2	0
2292	1.0	2	0
2293	1.0	2	0
2294	1.0	2	0
2295	1.0	2	0
2296	1.0	2	0
2297	1.0	42	0
2298	1.0	42	0
2299	1.0	42	0
2300	1.0	42	0
2301	1.0	42	0
2302	1.0	42	0
2303	1.0	42	0
2304	1.0	42	0
2305	1.0	42	0
2306	1.0	42	0
2307	1.0	42	0
2308	1.0	42	0
2309	1.0	42	0
2310	1.0	42	0
2311	1.0	42	0
2312	1.0	42	0
2313	1.0	42	0
2314	1.0	42	0
2315	1.0	42	0
2316	1.0	42	0
2317	1.0	42	0
2318	1.0	42	0
2319	1.0	42	0
2320	1.0	42	0
2321	1.0	42	0
2322	1.0	42	0
2323	1.0	42	0
2324	1.0	42	0
2325	1.0	42	0
2326	1.0	42	0
2327	1.0	42	0
2328	1.0	42	0
2329	1.0	42	0
2330	1.0	42	0
2331	1.0	42	0
2332	1.0	42	0
2333	1.0	40	0
2334	1.0	40	0
2335	1.0	40	0
2336	1.0	40	0
2337	1.0	40	0
2338	1.0	40	0
2339	1.0	42	0
2340	0.9523809523809523	42	1
2341	1.0	42	0
2342	0.9523809523809523	42	1
2343	0.9523809523809523	42	1
2344	1.0	42	0
2345	0.9523809523809523	42	1
2346	1.0	42	0
2347	1.0	42	0
2348	1.0	42	0
2349	1.0	42	0
2350	1.0	42	0
2351	0.9523809523809523	42	1
2352	0.9523809523809523	42	1
2353	1.0	42	0
2354	1.0	42	0
2355	0.9523809523809523	42	1
2356	0.9523809523809523	42	1
2357	1.0	42	0
2358	1.0	42	0
2359	1.0	42	0
2360	1.0	2	0
2361	1.0	2	0
2362	1.0	2	0
2363	1.0	2	0
2364	1.0	2	0
2365	1.0	2	0
2366	0.9523809523809523	42	1
2367	1.0	44	0
2368	1.0	44	0
2369	1.0	44	0
2370	1.0	44	0
2371	1.0	44	0
2372	1.0	44	0
2373	1.0	44	0
2374	1.0	44	0
2375	1.0	44	0
2376	1.0	44	0
2377	1.0	44	0
2378	1.0	44	0
2379	1.0	44	0
2380	1.0	44	0
2381	1.0	44	0
2382	1.0	44	0
2383	1.0	44	0
2384	1.0	44	0
2385	1.0	44	0
2386	1.0	44	0
2387	1.0	44	0
2388	1.0	44	0
2389	1.0	44	0
2390	1.0	44	0
2391	1.0	44	0
2392	1.0	44	0
2393	1.0	44	0
2394	1.0	44	0
2395	1.0	44	0
2396	1.0	44	0
2397	1.0	42	0
2398	1.0	42	0
2399	1.0	42	0
2400	1.0	42	0
2401	1.0	42	0
2402	1.0	42	0
2403	1.0	42	0
2404	1.0	42	0
2405	1.0	42	0
2406	1.0	42	0
2407	1.0	42	0
2408	1.0	42	0
2409	1.0	42	0
2410	1.0	42	0
2411	1.0	42	0
2412	1.0	42	0
2413	1.0	42	0
2414	1.0	42	0
2415	1.0	42	0
2416	1.0	42	0
2417	1.0	42	0
2418	1.0	42	0
2419	1.0	42	0
2420	1.0	42	0
2421	1.0	42	0
2422	1.0	42	0
2423	1.0	42	0
2424	1.0	42	0
2425	1.0	42	0
2426	1.0	42	0
2427	1.0	42	0
2428	1.0	42	0
2429	1.0	42	0
2430	1.0	42	0
2431	0.9545454545454546	44	1
2432	0.9545454545454546	44	1
2433	0.9545454545454546	44	1
2434	1.0	44	0
2435	1.0	44	0
2436	1.0	44	0
2437	1.0	44	0
2438	1.0	44	0
2439	1.0	44	0
2440	0.9545454545454546	44	1
2441	0.9545454545454546	44	1
2442	1.0	44	0
2443	1.0	44	0
2444	1.0	42	0
2445	1.0	42	0
2446	1.0	44	0
2447	0.9545454545454546	44	1
2448	0.9545454545454546	44	1
2449	1.0	44	0
2450	0.9545454545454546	44	1
2451	1.0	44	0
2452	1.0	44	0
2453	0.9545454545454546	44	1
2454	1.0	44	0
2455	0.9545454545454546	44	1
2456	1.0	44	0
2457	0.9545454545454546	44	1
2458	1.0	44	0
2459	0.9545454545454546	44	1
2460	1.0	44	0
2461	1.0	44	0
2462	1.0	2	0
2463	1.0	44	0
2464	1.0	44	0
2465	1.0	44	0
2466	0.9545454545454546	44	1
2467	1.0	44	0
2468	0.9545454545454546	44	1
2469	0.9545454545454546	44	1
2470	1.0	44	0
2471	0.9545454545454546	44	1
2472	1.0	44	0
2473	1.0	44	0
2474	0.9545454545454546	44	1
2475	0.9545454545454546	44	1
2476	1.0	44	0
2477	0.9545454545454546	44	1
2478	0.9545454545454546	44	1
2479	0.9545454545454546	44	1
2480	1.0	44	0
2481	0.9545454545454546	44	1
2482	0.9545454545454546	44	1
2483	1.0	44	0
2484	1.0	44	0
2485	1.0	44	0
2486	0.9545454545454546	44	1
2487	0.9545454545454546	44	1
2488	1.0	42	0
2489	1.0	42	0
2490	1.0	42	0
2491	1.0	42	0
2492	1.0	42	0
2493	1.0	42	0
2494	1.0	42	0
2495	1.0	42	0
2496	1.0	42	0
2497	1.0	42	0
2498	1.0	42	0
2499	1.0	42	0
2500	1.0	42	0
2501	1.0	42	0
2502	1.0	42	0
2503	1.0	42	0
2504	1.0	42	0
2505	1.0	42	0
2506	1.0	42	0
2507	1.0	42	0
2508	1.0	42	0
2509	1.0	42	0
2510	1.0	42	0
2511	1.0	42	0
2512	1.0	42	0
2513	1.0	42	0
2514	0.9545454545454546	44	1
2515	1.0	44	0
2516	1.0	44	0
2517	1.0	44	0
2518	0.9545454545454546	44	1
2519	1.0	44	0
2520	1.0	44	0
2521	1.0	44	0
2522	1.0	44	0
2523	1.0	42	0
2524	1.0	42	0
2525	1.0	42	0
2526	1.0	42	0
2527	1.0	42	0
2528	1.0	42	0
2529	1.0	42	0
2530	1.0	42	0
2531	1.0	42	0
2532	1.0	42	0
2533	1.0	42	0
2534	1.0	42	0
2535	1.0	42	0
2536	1.0	42	0
2537	1.0	42	0
2538	1.0	42	0
2539	1.0	42	0
2540	1.0	42	0
2541	1.0	42	0
2542	1.0	42	0
2543	1.0	42	0
2544	1.0	42	0
2545	1.0	42	0
2546	1.0	42	0
2547	1.0	42	0
2548	1.0	42	0
2549	1.0	42	0
2550	1.0	42	0
2551	1.0	42	0
2552	1.0	42	0
2553	1.0	42	0
2554	1.0	42	0
2555	1.0	42	0
2556	0.9545454545454546	44	1
2557	1.0	44	0
2558	0.9545454545454546	44	1
2559	0.9545454545454546	44	1
2560	0.9545454545454546	44	1
2561	1.0	44	0
2562	1.0	44	0
2563	1.0	44	0
2564	1.0	44	0
2565	0.9545454545454546	44	1
2566	0.9545454545454546	44	1
2567	0.9545454545454546	44	1
2568	0.9545454545454546	44	1
2569	0.9545454545454546	44	1
2570	1.0	44	0
2571	0.9545454545454546	44	1
2572	1.0	44	0
2573	1.0	44	0
2574	0.9545454545454546	44	1
2575	0.9545454545454546	44	1
2576	1.0	44	0
2577	0.9545454545454546	44	1
2578	1.0	44	0
2579	0.9545454545454546	44	1
2580	1.0	44	0
2581	0.9545454545454546	44	1
2582	1.0	44	0
2583	0.9545454545454546	44	1
2584	0.9545454545454546	44	1
2585	0.9545454545454546	44	1
2586	1.0	44	0
2587	1.0	42	0
2588	1.0	42	0
2589	1.0	42	0
2590	1.0	42	0
2591	1.0	42	0
2592	1.0	42	0
2593	1.0	42	0
2594	1.0	42	0
2595	1.0	42	0
2596	1.0	42	0
2597	1.0	42	0
2598	1.0	42	0
2599	1.0	42	0
2600	1.0	42	0
2601	1.0	42	0
2602	1.0	42	0
2603	1.0	42	0
2604	1.0	42	0
2605	1.0	42	0
2606	1.0	42	0
2607	1.0	42	0
2608	1.0	42	0
2609	1.0	42	0
2610	1.0	42	0
2611	1.0	42	0
2612	1.0	42	0
2613	1.0	42	0
2614	1.0	42	0
2615	1.0	42	0
2616	1.0	42	0
2617	1.0	42	0
2618	1.0	42	0
2619	1.0	42	0
2620	1.0	42	0
2621	1.0	42	0
2622	1.0	42	0
2623	1.0	42	0
2624	1.0	42	0
2625	1.0	42	0
2626	1.0	42	0
2627	1.0	42	0
2628	1.0	42	0
2629	1.0	42	0
2630	0.9523809523809523	42	1
2631	1.0	42	0
2632	1.0	42	0
2633	1.0	42	0
2634	1.0	42	0
2635	1.0	42	0
2636	1.0	42	0
2637	1.0	42	0
2638	1.0	42	0
2639	1.0	42	0
2640	1.0	42	0
2641	1.0	42	0
2642	1.0	42	0
2643	1.0	42	0
2644	1.0	42	0
2645	1.0	42	0
2646	1.0	42	0
2647	1.0	42	0
2648	1.0	42	0
2649	1.0	42	0
2650	1.0	42	0
2651	1.0	42	0
2652	1.0	42	0
2653	1.0	42	0
2654	1.0	44	0
2655	1.0	44	0
2656	1.0	44	0
2657	0.9545454545454546	44	1
2658	0.9545454545454546	44	1
2659	0.9545454545454546	44	1
2660	1.0	44	0
2661	1.0	44	0
2662	0.9545454545454546	44	1
2663	0.9545454545454546	44	1
2664	1.0	44	0
2665	1.0	44	0
2666	0.9545454545454546	44	1
2667	0.9545454545454546	44	1
2668	0.9545454545454546	44	1
2669	1.0	44	0
2670	1.0	44	0
2671	0.9545454545454546	44	1
2672	1.0	44	0
2673	1.0	44	0
2674	0.9545454545454546	44	1
2675	1.0	44	0
2676	1.0	44	0
2677	1.0	44	0
2678	1.0	42	0
2679	1.0	42	0
2680	1.0	42	0
2681	1.0	42	0
2682	1.0	42	0
2683	1.0	42	0
2684	1.0	42	0
2685	1.0	42	0
2686	1.0	44	0
2687	1.0	44	0
2688	1.0	44	0
2689	0.9545454545454546	44	1
2690	1.0	44	0
2691	0.9545454545454546	44	1
2692	1.0	44	0
2693	0.9545454545454546	44	1
2694	1.0	44	0
2695	1.0	44	0
2696	1.0	44	0
2697	0.9545454545454546	44	1
2698	0.9545454545454546	44	1
2699	0.9545454545454546	44	1
2700	0.9545454545454546	44	1
2701	0.9545454545454546	44	1
2702	1.0	44	0
2703	0.9545454545454546	44	1
2704	0.9545454545454546	44	1
2705	0.9545454545454546	44	1
2706	0.9545454545454546	44	1
2707	1.0	44	0
2708	0.9545454545454546	44	1
2709	1.0	44	0
2710	0.9545454545454546	44	1
2711	1.0	44	0
2712	0.9545454545454546	44	1
2713	1.0	44	0
2714	1.0	42	0
2715	1.0	42	0
2716	1.0	42	0
2717	1.0	42	0
2718	1.0	42	0
2719	1.0	42	0
2720	1.0	42	0
2721	1.0	42	0
2722	0.8333333333333334	42	1
2723	1.0	42	0
2724	1.0	44	0
2725	1.0	44	0
2726	0.9545454545454546	44	1
2727	1.0	44	0
2728	1.0	44	0
2729	1.0	44	0
2730	0.9545454545454546	44	1
2731	1.0	44	0
2732	0.9545454545454546	44	1
2733	1.0	44	0
2734	1.0	44	0
2735	1.0	44	0
2736	1.0	42	0
2737	1.0	42	0
2738	1.0	42	0
2739	1.0	42	0
2740	1.0	42	0
2741	1.0	42	0
2742	1.0	42	0
2743	1.0	42	0
2744	1.0	42	0
2745	1.0	42	0
2746	1.0	42	0
2747	1.0	42	0
2748	1.0	42	0
2749	1.0	42	0
2750	1.0	42	0
2751	1.0	42	0
2752	1.0	42	0
2753	1.0	42	0
2754	1.0	42	0
2755	1.0	42	0
2756	1.0	42	0
2757	1.0	42	0
2758	1.0	44	0
2759	1.0	44	0
2760	1.0	44	0
2761	1.0	44	0
2762	0.8863636363636364	44	1
2763	0.9545454545454546	44	1
2764	1.0	44	0
2765	1.0	44	0
2766	1.0	44	0
2767	1.0	44	0
2768	0.9545454545454546	44	1
2769	1.0	44	0
2770	1.0	44	0
2771	0.9545454545454546	44	1
2772	0.9545454545454546	44	1
2773	0.9545454545454546	44	1
2774	0.9545454545454546	44	1
2775	0.9545454545454546	44	1
2776	0.9545454545454546	44	1
2777	0.8181818181818182	44	2
2778	0.8636363636363636	44	1
2779	0.8181818181818182	44	1
2780	1.0	44	0
2781	1.0	44	0
2782	1.0	44	0
2783	1.0	44	0
2784	1.0	42	0
2785	1.0	42	0
2786	1.0	42	0
2787	0.8333333333333334	42	1
2788	1.0	42	0
2789	0.8333333333333334	42	1
2790	0.8333333333333334	42	1
2791	1.0	42	0
2792	1.0	42	0
2793	1.0	40	0
2794	0.8157894736842105	38	1
2795	0.8333333333333334	42	1
2796	1.0	42	0
2797	1.0	42	0
2798	1.0	42	0
2799	1.0	42	0
2800	1.0	42	0
2801	1.0	42	0
2802	1.0	42	0
2803	1.0	42	0
2804	1.0	42	0
2805	1.0	42	0
2806	1.0	42	0
2807	1.0	42	0
2808	1.0	42	0
2809	1.0	42	0
2810	1.0	42	0
2811	1.0	42	0
2812	1.0	42	0
2813	1.0	42	0
2814	1.0	42	0
2815	1.0	42	0
2816	1.0	42	0
2817	1.0	42	0
2818	1.0	42	0
2819	1.0	42	0
2820	1.0	42	0
2821	1.0	42	0
2822	1.0	42	0
2823	1.0	42	0
2824	1.0	42	0
2825	1.0	42	0
2826	1.0	42	0
2827	1.0	42	0
2828	1.0	42	0
2829	1.0	42	0
2830	1.0	42	0
2831	1.0	42	0
2832	1.0	42	0
2833	1.0	42	0
2834	1.0	42	0
2835	1.0	42	0
2836	1.0	42	0
2837	1.0	42	0
2838	1.0	42	0
2839	1.0	42	0
2840	1.0	42	0
2841	1.0	42	0
2842	1.0	42	0
2843	1.0	42	0
2844	1.0	42	0
2845	1.0	42	0
2846	1.0	42	0
2847	1.0	42	0
2848	1.0	42	0
2849	1.0	42	0
2850	1.0	42	0
2851	1.0	42	0
2852	1.0	42	0
2853	1.0	42	0
2854	1.0	42	0
2855	1.0	42	0
2856	1.0	44	0
2857	1.0	44	0
2858	1.0	44	0
2859	0.9545454545454546	44	1
2860	1.0	44	0
2861	1.0	44	0
2862	0.9545454545454546	44	1
2863	1.0	44	0
2864	1.0	44	0
2865	0.9545454545454546	44	1
2866	1.0	44	0
2867	0.9545454545454546	44	1
2868	0.9545454545454546	44	1
2869	0.9545454545454546	44	1
2870	1.0	44	0
2871	0.9545454545454546	44	1
2872	0.9545454545454546	44	1
2873	1.0	44	0
2874	1.0	44	0
2875	1.0	44	0
2876	0.9090909090909091	44	1
2877	0.9545454545454546	44	1
2878	1.0	44	0
2879	0.9545454545454546	44	1
2880	0.9545454545454546	44	1
2881	0.9545454545454546	44	1
2882	0.9545454545454546	44	1
2883	0.9545454545454546	44	1
2884	0.9545454545454546	44	1
2885	1.0	44	0
2886	1.0	44	0
2887	0.9545454545454546	44	1
2888	0.9545454545454546	44	1
2889	0.9545454545454546	44	1
2890	1.0	44	0
2891	1.0	44	0
2892	0.9545454545454546	44	1
2893	1.0	44	0
2894	0.9545454545454546	44	1
2895	0.9545454545454546	44	1
2896	1.0	44	0
2897	1.0	44	0
2898	0.9545454545454546	44	1
2899	0.9545454545454546	44	1
2900	0.9545454545454546	44	1
2901	0.9545454545454546	44	1
2902	0.9545454545454546	44	1
2903	1.0	44	0
2904	1.0	44	0
2905	1.0	44	0
2906	1.0	44	0
2907	0.9545454545454546	44	1
2908	0.9545454545454546	44	1
2909	0.9545454545454546	44	1
2910	1.0	44	0
2911	1.0	44	0
2912	1.0	44	0
2913	1.0	44	0
2914	0.9545454545454546	44	1
2915	0.9545454545454546	44	1
2916	1.0	44	0
2917	0.9545454545454546	44	1
2918	1.0	44	0
2919	0.9545454545454546	44	1
2920	0.9545454545454546	44	1
2921	1.0	44	0
2922	0.9545454545454546	44	1
2923	0.9545454545454546	44	1
2924	0.9545454545454546	44	1
2925	0.9545454545454546	44	1
2926	1.0	44	0
2927	1.0	44	0
2928	0.9545454545454546	44	1
2929	0.9545454545454546	44	1
2930	0.9545454545454546	44	1
2931	0.9545454545454546	44	1
2932	1.0	44	0
2933	1.0	44	0
2934	0.9545454545454546	44	1
2935	1.0	42	0
2936	1.0	42	0
2937	1.0	42	0
2938	1.0	42	0
2939	1.0	42	0
2940	1.0	42	0
2941	1.0	42	0
2942	1.0	42	0
2943	1.0	42	0
2944	1.0	42	0
2945	1.0	42	0
2946	1.0	42	0
2947	1.0	42	0
2948	0.9545454545454546	44	1
2949	0.9545454545454546	44	1
2950	1.0	44	0
2951	1.0	44	0
2952	1.0	44	0
2953	1.0	44	0
2954	1.0	44	0
2955	1.0	44	0
2956	1.0	44	0
2957	0.9545454545454546	44	1
2958	1.0	44	0
2959	1.0	44	0
2960	1.0	44	0
2961	0.9545454545454546	44	1
2962	0.9545454545454546	44	1
2963	1.0	44	0
2964	1.0	2	0
2965	1.0	2	0
2966	1.0	2	0
2967	1.0	2	0
2968	1.0	2	0
2969	1.0	2	0
2970	0.9545454545454546	44	1
2971	0.9545454545454546	44	1
2972	1.0	44	0
2973	0.9545454545454546	44	1
2974	0.9545454545454546	44	1
2975	1.0	44	0
2976	0.9545454545454546	44	1
2977	1.0	44	0
2978	1.0	44	0
2979	0.9545454545454546	44	1
2980	0.9545454545454546	44	1
2981	0.9545454545454546	44	1
2982	1.0	44	0
2983	1.0	44	0
2984	1.0	44	0
2985	1.0	44	0
2986	1.0	44	0
2987	1.0	44	0
2988	1.0	44	0
2989	1.0	44	0
2990	1.0	44	0
2991	1.0	44	0
2992	1.0	44	0
2993	1.0	44	0
2994	1.0	44	0
2995	1.0	44	0
2996	1.0	44	0
2997	1.0	44	0
2998	1.0	44	0
2999	1.0	44	0
3000	1.0	44	0
3001	1.0	44	0
3002	1.0	44	0
3003	1.0	44	0
3004	1.0	44	0
3005	1.0	44	0
3006	1.0	44	0
3007	1.0	44	0
3008	1.0	44	0
3009	1.0	44	0
3010	0.9318181818181818	44	1
3011	1.0	44	0
3012	1.0	44	0
3013	1.0	44	0
3014	1.0	44	0
3015	1.0	44	0
3016	1.0	44	0
3017	1.0	44	0
3018	1.0	44	0
3019	1.0	44	0
3020	1.0	44	0
3021	1.0	44	0
3022	1.0	44	0
3023	1.0	44	0
3024	1.0	2	-1
3025	1.0	2	-1
3026	1.0	2	-1
3027	1.0	2	-1
3028	1.0	2	-1
3029	1.0	2	-1
3030	1.0	2	-1
3031	1.0	2	-1
3032	1.0	2	-1
3033	1.0	2	-1
3034	1.0	2	-1
3035	1.0	2	-1
3036	1.0	2	-1
3037	1.0	2	-1
3038	1.0	2	-1
3039	1.0	2	-1
3040	1.0	2	-1
3041	1.0	2	-1
3042	1.0	2	-1
3043	1.0	2	-1
3044	1.0	2	-1
3045	1.0	2	-1
3046	1.0	2	-1
3047	1.0	2	-1
3048	1.0	2	-1
3049	1.0	2	-1
3050	1.0	2	-1
3051	1.0	2	-1
3052	1.0	2	-1
3053	1.0	2	-1
3054	1.0	2	-1
3055	1.0	2	-1
3056	1.0	2	-1
3057	1.0	2	-1
3058	1.0	2	-1
3059	1.0	2	-1
3060	1.0	2	-1
3061	1.0	2	-1
3062	1.0	2	-1
3063	1.0	2	-1
3064	1.0	2	-1
3065	1.0	2	-1
3066	1.0	2	-1
3067	1.0	2	-1
3068	1.0	2	-1
3069	1.0	2	-1
3070	1.0	2	-1
3071	1.0	2	-1
3072	1.0	2	-1
3073	1.0	2	-1
3074	1.0	2	-1
3075	1.0	2	-1
3076	1.0	2	-1
3077	1.0	2	-1
3078	1.0	2	-1
3079	1.0	2	-1
3080	1.0	2	-1
3081	1.0	2	-1
3082	1.0	2	-1
3083	1.0	2	-1
3084	1.0	2	0
3085	1.0	2	0
3086	1.0	2	0
3087	0.9545454545454546	44	1
3088	1.0	44	0
3089	0.9545454545454546	44	1
3090	1.0	44	0
3091	1.0	44	0
3092	1.0	44	0
3093	1.0	44	0
3094	1.0	44	0
3095	0.8409090909090909	44	1
3096	1.0	44	0
3097	1.0	44	0
3098	1.0	44	0
3099	1.0	44	0
3100	0.9545454545454546	44	1
3101	1.0	42	0
3102	1.0	42	0
3103	1.0	42	0
3104	1.0	42	0
3105	0.9545454545454546	44	1
3106	0.9545454545454546	44	1
3107	1.0	44	0
3108	1.0	44	0
3109	1.0	44	0
3110	1.0	44	0
3111	1.0	44	0
3112	0.9545454545454546	44	1
3113	1.0	44	0
3114	1.0	44	0
3115	0.9545454545454546	44	1
3116	0.9545454545454546	44	1
3117	1.0	44	0
3118	0.9545454545454546	44	1
3119	1.0	44	0
3120	1.0	2	0
3121	1.0	2	0
3122	1.0	2	0
3123	1.0	2	0
3124	1.0	2	0
3125	1.0	2	0
3126	1.0	44	0
3127	0.9545454545454546	44	1
3128	1.0	44	0
3129	1.0	44	0
3130	1.0	44	0
3131	1.0	44	0
3132	1.0	44	0
3133	0.9545454545454546	44	1
3134	0.9545454545454546	44	1
3135	1.0	44	0
3136	0.9545454545454546	44	1
3137	1.0	44	0
3138	0.9545454545454546	44	1
3139	0.9545454545454546	44	1
3140	1.0	44	0
3141	0.9545454545454546	44	1
3142	0.9545454545454546	44	1
3143	1.0	44	0
3144	0.9545454545454546	44	1
3145	1.0	44	0
3146	1.0	44	0
3147	1.0	44	0
3148	0.9545454545454546	44	1
3149	0.9545454545454546	44	1
3150	0.9545454545454546	44	1
3151	1.0	44	0
3152	1.0	42	0
3153	1.0	42	0
3154	1.0	42	0
3155	1.0	42	0
3156	1.0	42	0
3157	1.0	42	0
3158	1.0	42	0
3159	1.0	42	0
3160	1.0	42	0
3161	1.0	42	0
3162	1.0	42	0
3163	1.0	42	0
3164	0.9285714285714286	42	1
3165	1.0	42	0
3166	1.0	42	0
3167	1.0	42	0
3168	1.0	42	0
3169	1.0	42	0
3170	1.0	42	0
3171	1.0	42	0
3172	1.0	42	0
3173	1.0	42	0
3174	1.0	42	0
3175	1.0	42	0
3176	1.0	42	0
3177	1.0	42	0
3178	1.0	42	0
3179	1.0	42	0
3180	1.0	42	0
3181	1.0	42	0
3182	1.0	42	0
3183	1.0	42	0
3184	1.0	42	0
3185	1.0	42	0
3186	1.0	42	0
3187	1.0	44	0
3188	0.9545454545454546	44	1
3189	1.0	44	0
3190	1.0	44	0
3191	0.9545454545454546	44	1
3192	0.9545454545454546	44	1
3193	1.0	44	0
3194	1.0	44	0
3195	1.0	44	0
3196	0.9545454545454546	44	1
3197	1.0	44	0
3198	1.0	44	0
3199	0.9545454545454546	44	1
3200	1.0	44	0
3201	0.9545454545454546	44	1
3202	1.0	44	0
3203	0.9545454545454546	44	1
3204	0.9545454545454546	44	1
3205	0.9545454545454546	44	1
3206	0.8409090909090909	44	2
3207	0.9545454545454546	44	1
3208	0.9545454545454546	44	1
3209	0.9545454545454546	44	1
3210	1.0	44	0
3211	0.9545454545454546	44	1
3212	1.0	44	0
3213	1.0	44	0
3214	1.0	44	0
3215	0.9545454545454546	44	1
3216	0.9545454545454546	44	1
3217	1.0	44	0
3218	0.9545454545454546	44	1
3219	0.9545454545454546	44	1
3220	1.0	44	0
3221	0.9545454545454546	44	1
3222	1.0	44	0
3223	0.9545454545454546	44	1
3224	0.9545454545454546	44	1
3225	0.9545454545454546	44	1
3226	0.9545454545454546	44	1
3227	0.9545454545454546	44	1
3228	1.0	44	0
3229	1.0	44	0
3230	1.0	44	0
3231	0.9545454545454546	44	1
3232	0.9545454545454546	44	1
3233	0.9545454545454546	44	1
3234	1.0	44	0
3235	1.0	44	0
3236	0.9545454545454546	44	1
3237	0.9545454545454546	44	1
3238	1.0	44	0
3239	1.0	44	0
3240	1.0	44	0
3241	1.0	44	0
3242	1.0	44	0
3243	0.9545454545454546	44	1
3244	1.0	44	0
3245	0.9545454545454546	44	1
3246	0.9545454545454546	44	1
3247	0.9545454545454546	44	1
3248	0.9545454545454546	44	1
3249	0.9545454545454546	44	1
3250	1.0	44	0
3251	1.0	42	0
3252	1.0	42	0
3253	1.0	42	0
3254	1.0	42	0
3255	1.0	42	0
3256	1.0	42	0
3257	1.0	42	0
3258	1.0	42	0
3259	1.0	42	0
3260	1.0	42	0
3261	1.0	42	0
3262	1.0	42	0
3263	1.0	42	0
3264	1.0	42	0
3265	1.0	42	0
3266	1.0	42	0
3267	1.0	42	0
3268	1.0	42	0
3269	1.0	42	0
3270	1.0	42	0
3271	1.0	42	0
3272	1.0	42	0
3273	1.0	42	0
3274	1.0	42	0
3275	1.0	42	0
3276	1.0	42	0
3277	1.0	42	0
3278	1.0	42	0
3279	1.0	42	0
3280	1.0	42	0
3281	0.9545454545454546	44	1
3282	1.0	44	0
3283	0.9545454545454546	44	1
3284	1.0	44	0
3285	0.9545454545454546	44	1
3286	1.0	44	0
3287	0.9545454545454546	44	1
3288	0.9545454545454546	44	1
3289	1.0	44	0
3290	1.0	44	0
3291	1.0	44	0
3292	0.9545454545454546	44	1
3293	0.9545454545454546	44	1
3294	0.9545454545454546	44	1
3295	1.0	44	0
3296	1.0	44	0
3297	0.9545454545454546	44	1
3298	0.9545454545454546	44	1
3299	1.0	44	0
3300	1.0	44	0
3301	1.0	44	0
3302	0.9545454545454546	44	1
3303	1.0	44	0
3304	0.9545454545454546	44	1
3305	0.9545454545454546	44	1
3306	1.0	44	0
3307	0.9545454545454546	44	1
3308	0.9545454545454546	44	1
3309	1.0	44	0
3310	0.9545454545454546	44	1
3311	0.9545454545454546	44	1
3312	0.9545454545454546	44	1
3313	1.0	42	0
3314	1.0	42	0
3315	1.0	42	0
3316	1.0	42	0
3317	1.0	42	0
3318	1.0	42	0
3319	1.0	42	0
3320	0.9523809523809523	42	1
3321	1.0	42	0
3322	1.0	42	0
3323	1.0	42	0
3324	1.0	42	0
3325	1.0	42	0
3326	1.0	42	0
3327	1.0	42	0
3328	1.0	42	0
3329	1.0	42	0
3330	1.0	42	0
3331	1.0	42	0
3332	1.0	42	0
3333	1.0	44	0
3334	1.0	44	0
3335	0.9545454545454546	44	1
3336	1.0	44	0
3337	0.9545454545454546	44	1
3338	0.9545454545454546	44	1
3339	0.9545454545454546	44	1
3340	0.9545454545454546	44	1
3341	1.0	44	0
3342	0.9545454545454546	44	1
3343	0.9545454545454546	44	1
3344	0.9545454545454546	44	1
3345	0.9545454545454546	44	1
3346	1.0	44	0
3347	0.9545454545454546	44	1
3348	0.9545454545454546	44	1
3349	1.0	44	0
3350	0.9545454545454546	44	1
3351	0.9545454545454546	44	1
3352	1.0	44	0
3353	1.0	44	0
3354	1.0	44	0
3355	0.9545454545454546	44	1
3356	1.0	44	0
3357	1.0	44	0
3358	1.0	44	0
3359	1.0	44	0
3360	1.0	44	0
3361	0.9545454545454546	44	1
3362	0.9545454545454546	44	1
3363	1.0	44	0
3364	0.9545454545454546	44	1
3365	0.9545454545454546	44	1
3366	1.0	44	0
3367	0.9545454545454546	44	1
3368	0.8409090909090909	44	1
3369	1.0	44	0
3370	0.9545454545454546	44	1
3371	0.9545454545454546	44	1
3372	1.0	44	0
3373	1.0	44	0
3374	1.0	44	0
3375	0.9545454545454546	44	1
3376	1.0	44	0
3377	0.9545454545454546	44	1
3378	0.9090909090909091	44	2
3379	0.9545454545454546	44	1
3380	0.9545454545454546	44	1
3381	1.0	44	0
3382	0.9545454545454546	44	1
3383	1.0	44	0
3384	1.0	44	0
3385	1.0	44	0
3386	0.9545454545454546	44	1
3387	1.0	44	0
3388	0.9545454545454546	44	1
3389	1.0	2	0
3390	1.0	2	0
3391	1.0	2	0
3392	1.0	2	0
3393	1.0	2	0
3394	1.0	2	0
3395	1.0	2	0
3396	1.0	2	0
3397	1.0	2	0
3398	1.0	2	0
3399	1.0	44	0
3400	0.9545454545454546	44	1
3401	0.9545454545454546	44	1
3402	1.0	44	0
3403	0.9545454545454546	44	1
3404	1.0	44	0
3405	1.0	44	0
3406	0.9545454545454546	44	1
3407	0.9545454545454546	44	1
3408	0.9545454545454546	44	1
3409	0.9545454545454546	44	1
3410	1.0	44	0
3411	0.9545454545454546	44	1
3412	1.0	44	0
3413	1.0	44	0
3414	0.9545454545454546	44	1
3415	1.0	44	0
3416	1.0	44	0
3417	0.9545454545454546	44	1
3418	0.9545454545454546	44	1
3419	1.0	44	0
3420	0.9545454545454546	44	1
3421	1.0	44	0
3422	1.0	44	0
3423	1.0	42	0
3424	1.0	42	0
3425	1.0	42	0
3426	1.0	42	0
3427	1.0	42	0
3428	1.0	42	0
3429	1.0	42	0
3430	1.0	42	0
3431	1.0	42	0
3432	1.0	42	0
3433	1.0	42	0
3434	1.0	42	0
3435	1.0	42	0
3436	1.0	42	0
3437	1.0	42	0
3438	1.0	42	0
3439	1.0	42	0
3440	1.0	42	0
3441	1.0	42	0
3442	1.0	42	0
3443	1.0	42	0
3444	1.0	42	0
3445	1.0	42	0
3446	1.0	42	0
3447	1.0	42	0
3448	1.0	42	0
3449	1.0	42	0
3450	1.0	42	0
3451	1.0	42	0
3452	1.0	42	0
3453	1.0	6	0
