	pvalue	qvalue	Weighted time diff	firstpresence	neworder	SP_y	DR
0	0.001564144937094423	0.0	21.404100051572982	5	21	SP27	DR242_rarefy_20reads
1	7.573407389806168e-06	0.0	17.567454088840066	9	24	SP26	DR242_rarefy_20reads
2	0.0009097591820713019	0.0	81.80952380952381	195	60	SP98	DR33_rarefy_20reads
3	0.0002145080485703728	0.0	86.55952380952381	205	64	SP112	DR33_rarefy_20reads
4	0.0011401868029418311	0.0	63.976190476190474	162	87	SP39	DR33_rarefy_20reads
5	1.1675513067141087e-07	0.0	89.40952380952379	172	109	SP46	DR33_rarefy_20reads
6	0.0004436074714880366	0.0	39.892857142857146	26	113	SP22	DR33_rarefy_20reads
7	2.050676572035537e-06	0.0	74.1756373937677	205	14	SP2	DR39_rarefy_20reads
8	0.008377360524937618	0.0	94.06533066132263	205	3	SP4	DR230_rarefy_20reads
9	0.004861419710920457	0.0	70.06533066132265	179	4	SP5	DR230_rarefy_20reads
10	0.0018962120480595641	0.0	59.77961637560837	65	13	SP20	DR230_rarefy_20reads
11	0.0006361097447327393	0.0	48.84310843910042	30	16	SP15	DR230_rarefy_20reads
12	0.0001766762703485795	0.0	69.49065420560747	23	21	SP4	DR41_rarefy_20reads
13	0.001684962849718224	0.0	46.93272425249168	227	0	SP5	DR280_rarefy_20reads
14	0.0009949498018383524	0.0	45.982724252491685	226	1	SP2	DR280_rarefy_20reads
15	0.002415385115350067	0.0	42.68272425249168	215	4	SP1	DR280_rarefy_20reads
16	0.019784148902416625	0.0	35.754152823920265	198	6	SP9	DR280_rarefy_20reads
17	0.011612659255355788	0.0	27.307724252491678	198	7	SP4	DR280_rarefy_20reads
18	0.00017914682119403414	0.0	38.516057585825024	198	14	SP14	DR280_rarefy_20reads
19	0.002849659316832584	0.0	13.052995877447769	11	2	SP7	DR45_rarefy_20reads
20	0.0003770936550242939	0.0	13.687301088365883	11	3	SP6	DR45_rarefy_20reads
21	0.0039181245369681456	0.0	17.588964888280884	56	13	SP14	DR44_rarefy_20reads
22	0.003202295507684323	0.0	8.461428656396834	27	17	SP6	DR44_rarefy_20reads
23	0.0013193464081982618	0.0	74.288679245283	195	26	SP53	DR240_rarefy_20reads
24	0.0001645243634258443	0.0	64.28867924528302	183	42	SP6	DR240_rarefy_20reads
25	9.28573794171868e-07	0.0	70.96054750402574	109	23	SP39	DR36_rarefy_20reads
26	0.0011516475213030207	0.0	32.814348673616394	27	47	SP24	DR36_rarefy_20reads
27	5.426075303713104e-06	0.0	50.982769726247994	21	49	SP35	DR36_rarefy_20reads
28	0.0002031114397601979	0.0	65.84825870646766	158	8	SP8	DR49_rarefy_20reads
29	0.0008740267053989767	0.0	54.19966996699669	159	21	SP23	DR40_rarefy_20reads
30	0.0009125405362790156	0.0	52.03300330033004	22	36	SP41	DR40_rarefy_20reads
31	0.025689255665836463	0.0	30.37603305785125	172	0	SP5	DR244_rarefy_20reads
32	0.0012082791958233253	0.0	16.934045061566664	70	1	SP2	DR272_rarefy_20reads
33	0.0007971826177700466	0.0	15.42736056958806	70	2	SP1	DR272_rarefy_20reads
34	0.007344388696614026	0.0	4.811822660098528	227	8	SP6	DR207_rarefy_20reads
35	0.003278947584935272	0.0	3.656267104542991	226	12	SP5	DR207_rarefy_20reads
36	0.0026277435099341033	0.0	4.295155993431877	226	15	SP1	DR207_rarefy_20reads
37	0.0009070014693469847	0.0	93.3597026305757	197	14	SP53	DR11_rarefy_20reads
38	0.0007046398280814374	0.0	98.69303596390905	199	15	SP0	DR11_rarefy_20reads
39	0.001717735883944717	0.0	49.359702630575676	164	19	SP76	DR11_rarefy_20reads
40	8.810871416513567e-05	0.0	102.6097026305757	197	20	SP73	DR11_rarefy_20reads
41	2.7009138762133305e-06	0.0	94.95970263057569	205	23	SP48	DR11_rarefy_20reads
42	0.0022399409937753547	0.0	85.55970263057567	132	24	SP44	DR11_rarefy_20reads
43	0.00012025787344989973	0.0	82.02636929724234	66	26	SP70	DR11_rarefy_20reads
44	0.004728434191434624	0.0	62.02636929724235	102	27	SP34	DR11_rarefy_20reads
45	3.6308706307205305e-06	0.0	79.78827405914708	172	28	SP54	DR11_rarefy_20reads
46	0.0029332439013852875	0.0	16.55535480448873	3	71	SP74	DR11_rarefy_20reads
47	0.004271601623930467	0.0	9.927702630575679	3	77	SP15	DR11_rarefy_20reads
48	9.217466633557556e-05	0.0	41.45370306815842	26	9	SP1	DR58_rarefy_20reads
49	0.010361793135569987	0.0	62.353801169590646	198	0	SP5	DR108_rarefy_20reads
50	0.0010804649414699542	0.0	32.88633382589781	22	2	SP8	DR16_rarefy_20reads
51	0.010178930976841622	0.0	13.522471207679802	21	10	SP16	DR16_rarefy_20reads
52	1.8602239153665118e-06	0.0	81.45901639344262	217	7	SP7	DR264_rarefy_20reads
53	0.0058658991460502794	0.0	56.11644811584158	143	3	SP30	DR2_rarefy_20reads
54	0.013448373864588432	0.0	39.44978144917489	129	4	SP27	DR2_rarefy_20reads
55	0.00971146519036896	0.0	37.28311478250824	123	5	SP33	DR2_rarefy_20reads
56	0.0007642021957131742	0.0	30.783114782508235	7	8	SP28	DR2_rarefy_20reads
57	0.014745383812069331	0.0	20.949781449174907	4	14	SP45	DR2_rarefy_20reads
58	0.0006134308219220749	0.0	16.943829068222527	3	16	SP34	DR2_rarefy_20reads
59	0.002392220440102925	0.0	24.473590972984425	10	19	SP11	DR2_rarefy_20reads
60	0.0001031217223961548	0.0	23.96053413734694	2	28	SP32	DR2_rarefy_20reads
61	0.0004759215739777039	0.0	15.768551675712118	2	30	SP26	DR2_rarefy_20reads
62	0.002708741039567793	0.0	17.0467511461446	5	32	SP16	DR2_rarefy_20reads
63	0.007145777079403414	0.0	16.307308330895342	5	39	SP8	DR2_rarefy_20reads
64	0.00013353931815242965	0.0	16.857741648179886	2	41	SP22	DR2_rarefy_20reads
65	2.1783196487229205e-05	0.0	71.1981351981352	219	47	SP30	DR263_rarefy_20reads
66	0.004746842210572824	0.0	60.14191616766468	206	12	SP8	DR12_rarefy_20reads
67	9.615739828574416e-06	0.0	82.5419161676647	218	17	SP66	DR12_rarefy_20reads
68	2.7357744332933372e-05	0.0	54.64191616766468	23	18	SP52	DR12_rarefy_20reads
69	0.001842355466782223	0.0	18.33239235814088	8	22	SP19	DR12_rarefy_20reads
70	0.00010255719357838818	0.0	31.80940818050193	11	73	SP4	DR18_rarefy_20reads
71	0.007189719988030309	0.0	21.367712589565944	6	11	SP11	DR5_rarefy_20reads
72	0.0007304103544178639	0.0	25.56803310238645	6	16	SP28	DR5_rarefy_20reads
73	0.0015845607978905356	0.0	25.16719976905313	12	17	SP37	DR5_rarefy_20reads
74	4.878902161603105e-05	0.0	28.52759192591587	16	19	SP12	DR5_rarefy_20reads
75	0.004177468725139126	0.0	16.51083613268949	2	20	SP46	DR5_rarefy_20reads
76	0.0018183043155048147	0.0	25.38356340541677	9	23	SP29	DR5_rarefy_20reads
77	0.0063058186734304715	0.0	20.24895415501804	10	30	SP10	DR5_rarefy_20reads
78	0.0003963404081994919	0.0	24.436088657942015	7	44	SP9	DR5_rarefy_20reads
79	0.0006240507063637796	0.0	25.02955271022959	2	48	SP4	DR5_rarefy_20reads
80	0.0016528502181022164	0.0	23.35325515715971	60	5	SP7	DR19_rarefy_20reads
81	0.0010226706768159935	0.0	33.444709430023266	14	15	SP16	DR19_rarefy_20reads
82	0.009968214165524429	0.0	19.99052223790504	7	21	SP44	DR19_rarefy_20reads
83	0.005034808682977365	0.0	20.295284142666944	22	22	SP28	DR19_rarefy_20reads
84	0.008889974821960437	0.0	18.795284142666944	8	37	SP49	DR19_rarefy_20reads
85	0.00015932466352173413	0.0	27.07558717296997	5	39	SP40	DR19_rarefy_20reads
86	0.0023483484158806148	0.0	7.173489270872081	9	44	SP35	DR19_rarefy_20reads
87	0.010999648847978534	0.0	18.434678082060888	7	45	SP12	DR19_rarefy_20reads
88	0.011169673682042157	0.0	10.877205046621754	5	48	SP15	DR19_rarefy_20reads
89	0.00311575178705498	0.0	21.805700809333615	5	51	SP2	DR19_rarefy_20reads
90	0.0011100860536850663	0.0	21.034414577449557	8	54	SP1	DR19_rarefy_20reads
91	0.0026888706907153546	0.0	72.96685082872928	199	6	SP43	DR13_rarefy_20reads
92	0.0061977713012389074	0.0	78.96685082872928	171	8	SP45	DR13_rarefy_20reads
93	0.0061977713012389074	0.0	77.96685082872928	171	9	SP8	DR13_rarefy_20reads
94	7.63420619203115e-10	0.0	92.80018416206262	221	12	SP48	DR13_rarefy_20reads
95	2.373130027104193e-11	0.0	93.681136543015	221	13	SP25	DR13_rarefy_20reads
96	2.8962559886256674e-07	0.0	89.3954222573007	202	14	SP33	DR13_rarefy_20reads
97	6.6187703850621946e-15	0.0	92.96685082872929	223	16	SP30	DR13_rarefy_20reads
98	6.6187703850621946e-15	0.0	93.63351749539595	223	17	SP47	DR13_rarefy_20reads
99	2.580150927599309e-07	0.0	84.26685082872929	171	18	SP9	DR13_rarefy_20reads
100	1.1843048744016418e-15	0.0	90.38351749539595	215	19	SP32	DR13_rarefy_20reads
101	2.1401442046631868e-13	0.0	89.32399368587214	201	20	SP41	DR13_rarefy_20reads
102	1.6334459812871166e-16	0.0	88.02935082872929	163	21	SP40	DR13_rarefy_20reads
103	0.015066569273005996	0.0	14.53351749539594	79	22	SP27	DR13_rarefy_20reads
104	0.008109172886252708	0.0	93.51643192488262	225	19	SP83	DR66_rarefy_20reads
105	0.008109172886252708	0.0	93.51643192488262	225	28	SP66	DR66_rarefy_20reads
106	0.008109172886252708	0.0	93.51643192488262	225	29	SP0	DR66_rarefy_20reads
107	0.0007561000360142387	0.0	93.51643192488262	225	39	SP17	DR66_rarefy_20reads
108	0.0053799425639474655	0.0	67.51643192488262	199	42	SP36	DR66_rarefy_20reads
109	0.0021709140532204657	0.0	73.26643192488262	198	48	SP67	DR66_rarefy_20reads
110	0.006679742508996471	0.0	46.01643192488263	165	52	SP19	DR66_rarefy_20reads
111	0.006679742508996471	0.0	51.18309859154928	165	53	SP18	DR66_rarefy_20reads
112	0.006679742508996471	0.0	51.51643192488263	165	54	SP24	DR66_rarefy_20reads
113	0.006679742508996471	0.0	51.68309859154928	165	55	SP62	DR66_rarefy_20reads
114	8.797956256909662e-05	0.0	71.64143192488262	180	57	SP77	DR66_rarefy_20reads
115	0.0006384382496047093	0.0	57.4053208137715	165	58	SP78	DR66_rarefy_20reads
116	9.622630484601912e-06	0.0	64.91643192488263	180	60	SP79	DR66_rarefy_20reads
117	0.0014587033951419354	0.0	81.19871794871794	218	22	SP30	DR22_rarefy_20reads
118	2.370026139994191e-05	0.0	94.19871794871794	231	26	SP13	DR22_rarefy_20reads
119	7.547853949026086e-07	0.0	94.19871794871794	231	28	SP24	DR22_rarefy_20reads
120	0.0024991792974091466	0.0	55.198717948717935	162	39	SP4	DR22_rarefy_20reads
121	0.002880872598379601	0.0	23.807157958320747	129	8	SP9	DR28_rarefy_20reads
122	3.270630773176924e-05	0.0	79.50229302437847	215	4	SP18	DR9_rarefy_20reads
123	0.005171473116915825	0.0	25.34229302437848	28	17	SP7	DR9_rarefy_20reads
124	0.003076057523713357	0.0	10.367677639763087	5	18	SP25	DR9_rarefy_20reads
125	0.0026247836811020453	0.0	17.361942147185488	5	22	SP41	DR9_rarefy_20reads
126	0.007083622040488159	0.0	58.00663349917082	197	10	SP37	DR68_rarefy_20reads
127	0.010625551774003036	0.0	18.006633499170817	138	18	SP18	DR68_rarefy_20reads
128	0.0013048005780349498	0.0	43.62201811455542	102	27	SP25	DR68_rarefy_20reads
129	0.00010744052287729398	0.0	38.300751146229636	98	29	SP6	DR68_rarefy_20reads
130	0.008670686455820989	0.0	14.947809969759051	97	31	SP12	DR68_rarefy_20reads
131	0.003913000981094731	0.0	25.518261406147555	86	37	SP8	DR68_rarefy_20reads
132	4.416707734342816e-06	0.0	26.176846265128265	60	38	SP9	DR68_rarefy_20reads
133	0.0025261405307227948	0.0	55.13573407202215	159	24	SP22	DR59_rarefy_20reads
134	0.0002479624759660392	0.0	-8.164265927977837	78	32	SP68	DR59_rarefy_20reads
135	0.00011769783481469668	0.0	20.86300679929489	78	33	SP27	DR59_rarefy_20reads
136	0.0035169661899181826	0.0	25.598688856818253	13	6	SP9	DR26_rarefy_20reads
137	7.798998155741426e-05	0.0	15.634375721209338	6	28	SP8	DR10_rarefy_20reads
138	0.00019612488794497007	0.0	90.9064687930106	201	7	SP56	DR250_rarefy_20reads
139	4.1615266767704185e-06	0.0	100.9064687930106	187	9	SP53	DR250_rarefy_20reads
140	5.895692515718061e-07	0.0	100.9064687930106	187	10	SP60	DR250_rarefy_20reads
141	9.869378664272496e-05	0.0	66.2814687930106	98	11	SP55	DR250_rarefy_20reads
142	5.321704971488469e-07	0.0	65.12869101523282	10	12	SP51	DR250_rarefy_20reads
143	1.0985464308240523e-08	0.0	79.27010515664696	10	13	SP74	DR250_rarefy_20reads
144	2.6344542597939236e-11	0.0	108.9064687930106	205	15	SP65	DR250_rarefy_20reads
145	9.648180466972553e-14	0.0	94.50646879301058	187	19	SP48	DR250_rarefy_20reads
146	0.0072396218263105685	0.0	18.951923338465136	11	36	SP44	DR250_rarefy_20reads
147	0.002123580792022855	0.0	32.09877648531828	11	52	SP13	DR250_rarefy_20reads
148	0.0002014596373020747	0.0	26.44135251394083	6	64	SP26	DR250_rarefy_20reads
