	pvalue	qvalue	Weighted time diff	firstpresence	neworder	SP_y	DR
0	0.0051817723456861475	0.0	62.93518518518518	60	2	SP8	DR145
1	1.0470912070862566e-06	0.0	40.261717495987156	8	20	SP23	DR233
2	0.0056853165417701	0.0	79.50229302437847	215	2	SP18	DR9
3	0.0012399986618459224	0.0	40.04774756983301	73	8	SP20	DR9
4	0.0009111149250281416	0.0	10.548270035872733	5	27	SP17	DR9
5	0.0004757015915597722	0.0	13.410895174916105	16	35	SP32	DR9
6	0.00015859667226647103	0.0	10.847425767741301	4	41	SP29	DR9
7	6.828608108864694e-05	0.0	33.14874751984125	22	55	SP5	DR18
8	0.00558382862304053	0.0	72.42545076282941	149	3	SP21	DR8
9	0.0004819259469785973	0.0	71.00878409616274	149	6	SP31	DR8
10	0.013275754191436643	0.0	48.50878409616274	77	7	SP33	DR8
11	0.015135089048215597	0.0	56.961165048543684	56	9	SP49	DR8
12	0.00030925335934355876	0.0	79.38973647711512	134	11	SP28	DR8
13	0.013320000662408406	0.0	40.5504507628294	56	13	SP52	DR8
14	0.0012773858059821539	0.0	41.6754507628294	94	18	SP51	DR8
15	0.0012773858059821539	0.0	39.00878409616273	94	19	SP50	DR8
16	3.7059068037213415e-05	0.0	61.1754507628294	53	20	SP25	DR8
17	0.009364161482635492	0.0	48.47545076282941	69	21	SP13	DR8
18	3.6276356049910295e-05	0.0	70.47545076282941	128	23	SP35	DR8
19	8.076745863709176e-05	0.0	64.03908712646577	109	24	SP48	DR8
20	0.00013745045700029032	0.0	57.1754507628294	75	25	SP26	DR8
21	3.5902603555678705e-05	0.0	58.09211742949606	77	26	SP19	DR8
22	0.00024880380533095825	0.0	45.21391230129093	75	28	SP46	DR8
23	0.00021878821502090517	0.0	40.14211742949607	53	30	SP20	DR8
24	0.0075561869825759905	0.0	25.464924447039923	21	32	SP15	DR8
25	1.5174450154824592e-06	0.0	106.1597026305757	207	9	SP28	DR11
26	3.889012758077143e-05	0.0	88.0739883448614	148	12	SP0	DR11
27	9.322971594617344e-05	0.0	75.35970263057568	66	14	SP70	DR11
28	1.922190043741779e-06	0.0	74.13748040835345	20	20	SP57	DR11
29	4.012175869470037e-06	0.0	79.55970263057567	148	26	SP2	DR11
30	0.006830065107940941	0.0	45.43662570749875	74	29	SP34	DR11
31	0.001866644687583336	0.0	35.975087245960296	8	30	SP53	DR11
32	4.270327430089796e-09	0.0	76.20585647672952	20	32	SP48	DR11
33	1.3895922392104206e-08	0.0	61.109702630575676	26	33	SP54	DR11
34	1.0170995785023809e-06	0.0	54.64541691628996	26	34	SP73	DR11
35	0.00036697932384873984	0.0	37.2441977402244	56	60	SP84	DR232
36	0.001329903823829891	0.0	41.28867924528302	55	74	SP74	DR240
37	0.000354998443062215	0.0	18.824032780636557	9	88	SP34	DR240
38	0.00010969862084518478	0.0	18.70600207992869	4	90	SP16	DR240
39	0.0002706441517652877	0.0	59.79535768189948	31	1	SP56	DR250
40	1.4140842394007557e-05	0.0	63.573135459677246	10	2	SP66	DR250
41	9.571820890972874e-14	0.0	80.96529232242236	119	7	SP67	DR250
42	0.0005324918454920802	0.0	27.612351145951767	10	8	SP47	DR250
43	1.2548873301460312e-07	0.0	58.29535768189948	10	10	SP74	DR250
44	6.134946147190726e-11	0.0	77.43278458248426	31	11	SP53	DR250
45	7.472669401688169e-14	0.0	76.22225826669481	10	12	SP51	DR250
46	5.197856239846533e-14	0.0	70.66837355491535	10	13	SP48	DR250
47	1.4326788409510105e-12	0.0	73.0969449834868	22	14	SP60	DR250
48	6.321097097800066e-15	0.0	67.6564687930106	10	15	SP55	DR250
49	3.660435838062385e-15	0.0	60.77133365787546	7	17	SP65	DR250
50	0.001257017067927664	0.0	14.197937846996908	21	43	SP8	DR68
51	0.00010741681298021231	0.0	16.48939211986047	21	44	SP9	DR68
52	0.0006448151457778235	0.0	81.76685082872929	171	12	SP45	DR13
53	5.105823965641e-05	0.0	84.80018416206262	171	13	SP47	DR13
54	4.600704078434715e-07	0.0	81.13351749539594	171	17	SP8	DR13
55	8.247557488920869e-22	0.0	94.8954222573007	221	18	SP48	DR13
56	0.0005106085575092983	0.0	34.84920376990574	108	21	SP35	DR13
57	4.325038139197696e-16	0.0	91.37861553461164	201	22	SP33	DR13
58	3.1155360045976265e-13	0.0	85.80895609188717	171	24	SP9	DR13
59	8.887121940447605e-19	0.0	91.41685082872928	201	25	SP41	DR13
60	4.1106309999969076e-32	0.0	94.72875559063404	221	26	SP30	DR13
61	1.7557509315683158e-36	0.0	94.17518416206262	221	27	SP25	DR13
62	2.011516296677949e-24	0.0	88.3742582361367	163	28	SP40	DR13
63	8.63406800765104e-32	0.0	90.53351749539594	171	29	SP32	DR13
64	0.01341150792592158	0.0	9.431136543014986	22	31	SP27	DR13
65	0.0007592317169018148	0.0	29.488967516189675	22	29	SP55	DR3
66	0.010160819295490441	0.0	18.530190920444998	14	31	SP18	DR3
67	1.302892942678973e-12	0.0	9.521093684413971	2	37	SP87	DR3
68	4.852231359849264e-07	0.0	2.7988901966020445	2	38	SP52	DR3
69	4.980159680727552e-06	0.0	2.5999327827486383	2	42	SP15	DR3
70	3.586197421997065e-05	0.0	10.790177193609026	2	43	SP86	DR3
71	0.00035922510400380277	0.0	9.064022907622473	2	46	SP79	DR3
72	0.000234169503346503	0.0	8.728793097585026	2	47	SP78	DR3
73	0.006978198538169186	0.0	5.470645598381452	2	48	SP81	DR3
74	0.006422240719490152	0.0	2.799937528429581	2	51	SP62	DR3
75	0.0010473946272980315	0.0	6.007163718721316	2	52	SP8	DR3
76	4.091619926761775e-06	0.0	10.0645019270343	2	57	SP77	DR3
77	1.504220476223678e-05	0.0	7.573117000725759	2	58	SP10	DR3
78	1.3060217751780948e-08	0.0	9.020698285420435	2	60	SP11	DR3
79	0.00014430931943020862	0.0	2.8390211642583414	2	66	SP64	DR3
80	0.0002530119449229937	0.0	44.9765329295988	62	65	SP61	DR231
81	0.0015326716867997833	0.0	41.3497814491749	105	11	SP35	DR2
82	0.00010470165751181497	0.0	25.13605595897883	14	13	SP33	DR2
83	0.0001166789850469828	0.0	30.58867033806378	30	14	SP30	DR2
84	2.3298262560391014e-11	0.0	14.637753957765966	2	34	SP31	DR2
85	2.3298262560391014e-11	0.0	14.637753957765966	2	35	SP32	DR2
86	0.008055566204275383	0.0	70.25382059800666	117	4	SP4	DR24
87	0.007097430510142996	0.0	61.53953488372093	117	5	SP3	DR24
88	0.0010021844034160717	0.0	31.952136752136735	66	18	SP23	DR234
89	8.926658573162894e-05	0.0	88.42239185750635	222	18	SP38	DR99
90	0.001477240538157845	0.0	29.658203592814388	27	17	SP3	DR20
91	0.0008519268254569884	0.0	30.631536926147717	3	49	SP14	DR20
92	0.00032663430567527114	0.0	104.84615384615385	212	6	SP32	DR82
93	0.00032663430567527114	0.0	104.84615384615385	212	13	SP39	DR82
94	0.00010234772741523444	0.0	100.0128205128205	189	15	SP18	DR82
95	0.007499297117879905	0.0	56.012820512820504	139	16	SP36	DR82
96	4.336768110815019e-06	0.0	92.34615384615385	199	20	SP19	DR82
97	1.761153938621209e-05	0.0	83.59615384615384	174	21	SP37	DR82
98	2.827479019919654e-05	0.0	59.14615384615385	148	23	SP17	DR82
99	0.00022830007762202642	0.0	122.63573407202215	229	21	SP32	DR59
100	0.005342221816355418	0.0	98.13573407202215	205	28	SP86	DR59
101	0.00042616014489444933	0.0	116.13573407202215	223	33	SP84	DR59
102	0.000974665716001728	0.0	95.46906740535549	177	36	SP46	DR59
103	0.0017799879678332714	0.0	80.80240073868882	172	39	SP40	DR59
104	0.0025261405307227948	0.0	55.38573407202215	159	53	SP22	DR59
105	0.0025261405307227948	0.0	55.13573407202215	159	55	SP20	DR59
106	0.0009307137411002065	0.0	56.63573407202215	160	57	SP26	DR59
107	0.0009307137411002065	0.0	56.63573407202215	160	58	SP1	DR59
108	0.0025261405307227948	0.0	55.88573407202215	159	59	SP45	DR59
109	0.00016783362544429948	0.0	56.53573407202217	160	61	SP29	DR59
110	0.0005808820969972268	0.0	55.33573407202215	159	62	SP23	DR59
111	0.0005808820969972268	0.0	55.53573407202217	159	64	SP79	DR59
112	3.767679737279557e-06	0.0	91.96906740535549	172	65	SP47	DR59
113	2.2379895904222683e-07	0.0	92.99287692916502	174	71	SP82	DR59
114	0.004109881730926336	0.0	83.51643192488262	184	34	SP73	DR66
115	0.004514459834946172	0.0	79.51643192488262	175	40	SP64	DR66
116	0.002552216010086195	0.0	67.11643192488262	180	41	SP72	DR66
117	0.00364431616519464	0.0	65.31643192488264	177	42	SP67	DR66
118	0.000478701980288916	0.0	89.51643192488262	198	43	SP85	DR66
119	0.0006237242528804184	0.0	76.31643192488264	195	44	SP105	DR66
120	0.000842745809704859	0.0	70.68309859154928	180	52	SP97	DR66
121	0.001286907864699515	0.0	65.18309859154928	177	54	SP66	DR66
122	0.0003797103798376069	0.0	71.51643192488262	181	55	SP99	DR66
123	0.0030605796911921976	0.0	63.23071763916835	165	61	SP22	DR66
124	0.0005967255735395152	0.0	63.659289067739756	175	65	SP26	DR66
125	0.0010343349204087616	0.0	45.4053208137715	155	76	SP18	DR66
126	0.00029498035041032714	0.0	54.31643192488264	165	82	SP92	DR66
127	0.00029498035041032714	0.0	65.71643192488261	165	86	SP21	DR66
128	0.0001375708038324137	0.0	68.60734101579172	165	87	SP77	DR66
129	2.3834689661886602e-05	0.0	57.42552283397353	173	88	SP25	DR66
130	0.0001375708038324137	0.0	60.60734101579172	165	91	SP62	DR66
131	0.00024663844447535667	0.0	46.97097737942809	155	92	SP19	DR66
132	0.0001375708038324137	0.0	59.60734101579172	165	95	SP63	DR66
133	0.00010835626472644226	0.0	51.57991631799163	140	17	SP25	DR105
134	9.808455918960252e-05	0.0	15.79172537229536	14	97	SP132	DR15
135	0.00016082655863892086	0.0	15.174212648818926	26	119	SP63	DR15
136	4.1990832369171464e-07	0.0	18.349622734644953	5	123	SP64	DR15
137	0.0005150859409392512	0.0	8.739573473561194	3	146	SP71	DR15
138	0.00015505956638127433	0.0	10.85611193509965	3	147	SP70	DR15
