	pvalue	qvalue	Weighted time diff	firstpresence	neworder	SP_y	DR
0	1.2353345446809035e-06	0.0	103.13573407202215	210	31	SP47	DR59_rarefy_6reads
1	0.0007889724169687349	0.0	87.93573407202217	79	32	SP11	DR59_rarefy_6reads
2	0.00016783362544429948	0.0	56.735734072022154	160	33	SP29	DR59_rarefy_6reads
3	0.0019880247463370296	0.0	59.403947368421036	209	19	SP13	DR113_rarefy_6reads
4	0.0014042728301498575	0.0	48.17991631799162	147	12	SP32	DR105_rarefy_6reads
5	0.0006448519169085831	0.0	53.67991631799162	140	18	SP25	DR105_rarefy_6reads
6	0.00012477729144042902	0.0	94.96685082872929	227	4	SP47	DR13_rarefy_6reads
7	0.0006620758706430037	0.0	92.46685082872929	223	5	SP41	DR13_rarefy_6reads
8	2.6647241190928172e-05	0.0	90.63351749539595	221	7	SP9	DR13_rarefy_6reads
9	2.04465776103323e-10	0.0	97.36685082872928	227	8	SP48	DR13_rarefy_6reads
10	2.5122424847198674e-12	0.0	96.96685082872929	227	10	SP30	DR13_rarefy_6reads
11	3.193934670460597e-08	0.0	92.30018416206262	215	11	SP40	DR13_rarefy_6reads
12	1.0477542377759937e-10	0.0	92.59185082872929	215	12	SP32	DR13_rarefy_6reads
13	7.683254903318094e-14	0.0	95.96685082872929	225	13	SP33	DR13_rarefy_6reads
14	7.467249414021252e-16	0.0	94.66685082872928	221	14	SP25	DR13_rarefy_6reads
15	0.00035344946961177447	0.0	26.449345986150288	75	35	SP35	DR77_rarefy_6reads
16	0.0013748574318641505	0.0	48.54528414266696	99	16	SP17	DR19_rarefy_6reads
17	0.002350096301712991	0.0	22.53337938076218	58	23	SP27	DR19_rarefy_6reads
18	0.000104501831696041	0.0	41.211950809333615	10	52	SP2	DR19_rarefy_6reads
19	0.0018446391312978907	0.0	33.03887388625669	23	56	SP14	DR19_rarefy_6reads
20	0.0005184122650850599	0.0	21.328650095208687	10	7	SP1	DR243_rarefy_6reads
21	0.0006406710704160175	0.0	27.82164729408824	9	9	SP0	DR243_rarefy_6reads
22	0.0017633653841369952	0.0	15.079223051664002	6	14	SP7	DR243_rarefy_6reads
23	2.9347961661779412e-05	0.0	89.625	230	0	SP3	DR255_rarefy_6reads
24	0.0020038822912899395	0.0	79.18518518518519	197	6	SP8	DR145_rarefy_6reads
25	0.0016666666666666668	0.0	68.91171749598716	221	5	SP7	DR233_rarefy_6reads
26	0.0003730646350454657	0.0	63.911717495987155	216	6	SP9	DR233_rarefy_6reads
27	8.040583673938545e-06	0.0	48.626003210272884	189	8	SP23	DR233_rarefy_6reads
28	0.0029808700209643605	0.0	97.8597026305757	210	14	SP44	DR11_rarefy_6reads
29	0.001041722151111361	0.0	98.3597026305757	190	15	SP62	DR11_rarefy_6reads
30	3.4932262965507866e-05	0.0	91.6097026305757	205	20	SP57	DR11_rarefy_6reads
31	9.897420352007412e-05	0.0	90.8597026305757	195	21	SP54	DR11_rarefy_6reads
32	6.489872649885011e-05	0.0	87.55970263057567	175	22	SP48	DR11_rarefy_6reads
33	0.001872631550772352	0.0	61.64541691628996	129	23	SP73	DR11_rarefy_6reads
34	6.106878605794729e-06	0.0	103.8095238095238	229	58	SP120	DR33_rarefy_6reads
35	0.000661211055889175	0.0	86.60952380952381	147	87	SP105	DR33_rarefy_6reads
36	0.00010167163024502033	0.0	52.43452380952381	163	105	SP52	DR33_rarefy_6reads
37	0.0008948862927487793	0.0	48.900432900432904	99	115	SP22	DR33_rarefy_6reads
38	0.0008563107634072638	0.0	56.087161366313296	188	6	SP7	DR117_rarefy_6reads
39	0.003546637575850232	0.0	41.78413106328301	148	10	SP6	DR117_rarefy_6reads
40	0.0011905940726298792	0.0	46.40754938527421	13	2	SP7	DR1_rarefy_6reads
41	0.005893479572146567	0.0	26.04252391838116	2	4	SP0	DR1_rarefy_6reads
42	1.549508766982216e-05	0.0	32.15206692913385	4	12	SP5	DR1_rarefy_6reads
43	1.3214384077906644e-07	0.0	92.1756373937677	218	17	SP40	DR39_rarefy_6reads
44	0.005691911768728732	0.0	13.284983932223199	7	0	SP7	DR229_rarefy_6reads
45	0.0017707969241815362	0.0	12.566593127625493	2	2	SP0	DR229_rarefy_6reads
46	0.0009783695819199619	0.0	20.43129436479317	7	3	SP6	DR229_rarefy_6reads
47	7.539489081550964e-08	0.0	27.02676796978189	3	4	SP1	DR229_rarefy_6reads
48	0.011002084314810059	0.0	9.74412371716943	2	5	SP4	DR229_rarefy_6reads
49	0.002072323663722959	0.0	26.78826895565095	129	17	SP10	DR73_rarefy_6reads
50	0.006957020210339904	0.0	16.762195121951226	108	1	SP2	DR251_rarefy_6reads
51	0.0030351098318192556	0.0	56.518987341772146	161	8	SP17	DR91_rarefy_6reads
52	0.00021823153431952468	0.0	52.473258706467654	11	4	SP1	DR49_rarefy_6reads
53	0.0002769537232805333	0.0	38.785758706467654	12	14	SP5	DR49_rarefy_6reads
54	0.0033220427305888484	0.0	94.57615894039736	225	15	SP47	DR50_rarefy_6reads
55	0.00020694692420061681	0.0	94.57615894039736	225	21	SP52	DR50_rarefy_6reads
56	0.0012779880231336335	0.0	78.57615894039735	209	23	SP34	DR50_rarefy_6reads
57	0.00021874241531625902	0.0	88.86533066132264	173	10	SP22	DR230_rarefy_6reads
58	9.042973612973822e-05	0.0	83.56533066132266	166	12	SP16	DR230_rarefy_6reads
59	0.0012851002146811164	0.0	11.38986891989785	2	21	SP3	DR230_rarefy_6reads
60	2.477415557148945e-05	0.0	50.52478902953588	67	1	SP2	DR150_rarefy_6reads
61	0.00011746740760359572	0.0	84.29820359281437	205	3	SP46	DR20_rarefy_6reads
62	0.004021446860034286	0.0	52.58391787852865	155	20	SP13	DR20_rarefy_6reads
63	0.0005042934045687043	0.0	59.04820359281437	129	27	SP11	DR20_rarefy_6reads
64	0.00040980527902770026	0.0	59.598203592814386	26	29	SP45	DR20_rarefy_6reads
65	0.0015950889243788345	0.0	59.4315369261477	79	47	SP14	DR20_rarefy_6reads
66	0.015172354340423341	0.0	17.00061102111576	2	4	SP1	DR238_rarefy_6reads
67	0.00037197318323338934	0.0	25.33797849462365	26	8	SP8	DR112_rarefy_6reads
68	0.00984786003321422	0.0	36.664615384615374	98	0	SP0	DR176_rarefy_6reads
69	0.0050403928876654154	0.0	12.958704693998813	22	4	SP6	DR52_rarefy_6reads
70	0.004170247119124136	0.0	31.555376897350158	69	0	SP3	DR266_rarefy_6reads
71	0.006638217164532954	0.0	43.54285714285713	205	4	SP5	DR182_rarefy_6reads
72	0.00033051295610787943	0.0	73.55	225	1	SP2	DR168_rarefy_6reads
73	0.012298077473052206	0.0	42.5076714801444	53	8	SP1	DR242_rarefy_6reads
74	0.008688641138004681	0.0	29.73873208620502	5	15	SP21	DR242_rarefy_6reads
75	0.012124813805378866	0.0	13.475528623001551	8	17	SP20	DR242_rarefy_6reads
76	0.00042437585132112286	0.0	16.876261223734147	5	19	SP27	DR242_rarefy_6reads
77	0.0022848797203431827	0.0	27.937549528924905	5	21	SP31	DR242_rarefy_6reads
78	0.0013458740562655358	0.0	33.68822703569997	7	23	SP23	DR242_rarefy_6reads
79	0.00458116159257357	0.0	22.411360004734572	7	26	SP26	DR242_rarefy_6reads
80	6.171204100616561e-06	0.0	28.96873705391491	5	27	SP25	DR242_rarefy_6reads
81	0.004448844326388514	0.0	18.866004813477744	6	30	SP17	DR242_rarefy_6reads
82	0.0001905366783105748	0.0	111.34615384615385	225	4	SP32	DR82_rarefy_6reads
83	3.2362917759757923e-06	0.0	111.34615384615385	225	5	SP18	DR82_rarefy_6reads
84	8.899802383933429e-05	0.0	85.34615384615384	199	6	SP19	DR82_rarefy_6reads
85	0.004771780000026496	0.0	34.31397849462365	143	1	SP0	DR94_rarefy_6reads
86	0.00010098980910891948	0.0	66.84976525821597	26	79	SP39	DR66_rarefy_6reads
87	0.007400555041628122	0.0	62.04545454545455	171	7	SP17	DR70_rarefy_6reads
88	0.007400555041628122	0.0	62.04545454545455	171	8	SP22	DR70_rarefy_6reads
89	0.0023922618262240906	0.0	51.07843137254902	164	0	SP2	DR218_rarefy_6reads
90	0.00010071458268060662	0.0	83.28305084745763	217	24	SP41	DR42_rarefy_6reads
91	0.0004271124799799103	0.0	21.505273069679863	5	89	SP3	DR42_rarefy_6reads
92	0.001042973205987414	0.0	32.616384180790966	10	93	SP27	DR42_rarefy_6reads
93	0.0008165807085287035	0.0	11.744589308996098	6	96	SP68	DR42_rarefy_6reads
94	0.0002482066066746643	0.0	45.11655011655013	69	20	SP19	DR78_rarefy_6reads
95	0.02706167212647771	0.0	56.75213675213674	214	1	SP23	DR234_rarefy_6reads
96	0.004735792622133599	0.0	56.75213675213674	214	2	SP13	DR234_rarefy_6reads
97	0.0014656004931151282	0.0	80.9064687930106	187	7	SP51	DR250_rarefy_6reads
98	0.00019612488794497007	0.0	100.9064687930106	201	10	SP60	DR250_rarefy_6reads
99	0.00019057106023470026	0.0	101.9064687930106	205	11	SP65	DR250_rarefy_6reads
100	0.0011739730545744108	0.0	65.3064687930106	22	21	SP48	DR250_rarefy_6reads
101	2.938137297369159e-05	0.0	82.9064687930106	187	25	SP55	DR250_rarefy_6reads
102	1.7031675667305655e-09	0.0	78.7064687930106	184	59	SP67	DR250_rarefy_6reads
103	0.004141714846189508	0.0	98.6754507628294	206	5	SP25	DR8_rarefy_6reads
104	0.00840461540386181	0.0	90.6754507628294	172	8	SP35	DR8_rarefy_6reads
105	0.01145862234008741	0.0	66.00878409616274	171	9	SP27	DR8_rarefy_6reads
106	0.003062770409510121	0.0	70.34211742949606	175	13	SP22	DR8_rarefy_6reads
107	0.01508552918904594	0.0	53.1754507628294	123	19	SP30	DR8_rarefy_6reads
108	0.00558382862304053	0.0	78.17545076282941	149	20	SP21	DR8_rarefy_6reads
109	0.011801313396145277	0.0	56.6754507628294	109	24	SP52	DR8_rarefy_6reads
110	0.011801313396145277	0.0	65.87545076282939	109	25	SP48	DR8_rarefy_6reads
111	0.011801313396145277	0.0	34.075450762829405	109	26	SP46	DR8_rarefy_6reads
112	0.0008884920242609136	0.0	92.2754507628294	123	27	SP45	DR8_rarefy_6reads
113	0.0005979161269514966	0.0	74.0754507628294	171	29	SP26	DR8_rarefy_6reads
114	0.010707819801743651	0.0	43.6754507628294	94	30	SP51	DR8_rarefy_6reads
115	0.002435489809066804	0.0	26.96116504854369	103	31	SP15	DR8_rarefy_6reads
116	0.003595700387506704	0.0	27.1754507628294	77	32	SP19	DR8_rarefy_6reads
117	0.0003625330865782404	0.0	48.03259361997226	66	47	SP38	DR8_rarefy_6reads
118	0.005593577060880235	0.0	17.527302614681247	6	53	SP0	DR8_rarefy_6reads
119	0.0021352465824127503	0.0	32.2778947084379	6	2	SP9	DR26_rarefy_6reads
120	0.005343500048625889	0.0	19.293046223589414	6	7	SP23	DR26_rarefy_6reads
121	0.00036667865290363367	0.0	19.329002804322123	8	17	SP22	DR26_rarefy_6reads
