	0	1	2	3	4	5	6	7	8	9	10	11	12	13	14	15	16	17	18	19	20	21	22	23	24	25	26	27	28	29	30	31	32	33	34	35	36	37	38	39	40	41	42	43	44	45	46	47	48	49	50	51	52	53	54	55	56	57	58	59	60	61	62	63	64	65	66	67	68	69	70	71	72	73	74	75	76	77	78	79	80	81	82	83
am0001	0	0	0	0	0	0	0	0	1	0	0	0	0	0	0	0	0	0	1	1	0	0	0	0	0	0	0	0	0	0	0	1	0	0	0	0	0	0	0	0	0	0	1	1	0	0	0	0	1	0	0	0	1	0	1	2	1	0	0	0	0	1	0	2	0	1	0	0	0	1	1	1	2	2	0	0	0	2	0	0	4	0	0	0
am0002	0	0	0	0	0	0	0	0	0	0	0	0	0	0	0	0	0	0	0	0	0	0	0	0	0	0	0	0	0	0	0	0	0	0	0	1	3	0	1	0	0	0	0	0	0	2	2	0	0	0	3	1	0	0	0	0	1	1	0	0	0	0	4	1	0	5	0	2	1	4	1	2	2	3	3	1	1	2	0	0	0	1	0	0
am0003	0	0	0	0	0	0	0	0	0	0	0	0	0	0	0	0	0	0	0	0	0	0	0	0	0	0	0	0	0	0	0	0	0	0	0	0	0	0	1	0	1	0	1	1	1	0	0	0	1	0	0	0	1	0	1	0	1	0	0	2	0	0	0	0	0	2	0	1	0	0	0	0	0	0	0	0	2	0	1	3	2	1	3	2
am0004	0	0	0	0	0	0	0	0	0	0	0	0	0	0	0	0	0	0	0	0	0	0	0	0	0	0	0	0	0	0	0	0	0	0	0	0	0	0	0	1	0	0	1	1	1	4	0	0	0	0	1	2	3	2	0	1	0	0	0	0	2	1	2	2	0	5	2	1	2	2	1	1	0	5	2	0	3	3	1	1	2	0	1	1
am0005	0	0	0	0	0	0	0	0	0	0	0	0	0	0	0	0	0	0	0	0	0	0	0	0	0	0	0	0	0	0	0	0	0	0	0	0	0	0	0	1	0	0	0	1	0	0	0	3	0	0	0	0	2	0	0	1	0	0	2	0	0	1	1	1	1	0	1	2	0	0	3	2	2	0	0	0	0	0	2	0	0	0	0	0
am0006	0	0	0	0	0	0	0	0	0	0	0	0	0	0	0	0	0	0	0	0	0	0	0	0	0	0	0	0	0	0	0	0	0	0	0	1	1	1	0	0	1	3	2	1	3	0	1	1	0	5	1	0	1	3	0	1	0	1	3	1	1	0	3	0	2	2	1	0	1	1	1	0	0	1	2	0	0	0	0	4	2	0	4	2
am0007	0	0	0	0	0	0	0	0	0	0	0	0	0	0	0	0	0	0	0	0	0	1	0	1	0	0	0	0	0	0	0	0	0	0	0	1	1	0	4	2	0	0	1	1	1	0	2	0	1	1	1	0	2	2	0	7	4	1	1	2	3	3	2	3	1	0	2	2	2	2	6	1	5	1	2	2	2	0	2	2	1	2	2	2
am0008	0	0	0	0	0	0	0	0	0	0	0	0	0	1	0	0	0	0	0	0	0	1	1	0	1	0	0	2	0	0	1	0	0	0	0	2	0	0	1	0	1	0	1	3	1	0	2	2	0	1	0	0	4	3	0	0	1	2	1	2	1	0	2	2	1	0	2	0	2	0	1	0	1	0	2	0	0	0	0	1	4	2	3	5
am0009	0	0	0	0	0	0	0	0	1	0	0	0	0	0	0	0	0	0	2	0	0	0	0	0	1	0	0	0	0	0	0	1	0	0	0	0	0	0	0	2	2	0	0	0	1	0	0	0	1	1	0	0	0	1	0	0	0	0	1	0	1	2	2	0	2	0	0	0	0	0	0	0	1	0	0	3	0	0	2	2	2	4	2	2
am0010	0	0	0	0	0	0	0	0	0	0	0	0	0	0	0	0	0	0	0	0	0	0	0	0	0	0	0	0	0	0	0	0	0	0	0	0	0	0	0	0	0	0	0	1	1	0	0	0	0	0	0	0	1	0	0	0	0	0	0	0	0	0	0	0	1	0	0	0	0	0	0	0	0	0	0	0	0	1	0	0	1	0	0	1
am0011	0	0	0	0	0	0	0	0	0	0	0	0	0	0	0	0	0	0	0	0	0	0	0	0	0	0	0	0	0	0	0	0	0	0	0	0	1	0	0	2	0	0	0	0	0	1	0	0	0	0	1	1	0	0	0	1	0	1	0	0	0	2	0	0	1	0	0	0	3	6	1	0	0	2	0	0	1	0	1	0	4	1	1	2
am0012	0	0	0	0	0	0	0	0	0	0	0	0	0	0	0	0	0	0	0	0	0	0	0	0	0	0	0	0	0	0	0	0	0	0	0	0	0	0	0	0	0	0	0	0	0	0	0	0	0	1	0	0	0	0	0	0	0	0	0	0	1	0	0	0	0	2	0	0	0	0	0	0	0	2	2	2	0	1	1	1	3	2	0	2
am0013	0	0	0	0	0	0	0	0	0	0	0	0	0	0	0	0	0	0	0	0	0	0	0	0	0	0	0	0	0	0	0	0	0	0	0	4	4	0	0	0	0	0	1	2	0	0	4	0	1	0	4	0	1	0	1	1	0	0	0	0	0	0	2	0	1	0	0	1	0	0	1	0	0	0	4	0	2	0	1	0	2	0	0	2
am0014	0	0	0	0	0	0	0	0	0	0	0	0	0	0	0	0	0	0	0	0	0	0	0	0	0	0	0	0	0	0	0	0	0	0	0	0	2	0	1	1	1	1	2	0	2	0	0	0	0	0	2	1	0	1	0	0	1	0	1	1	1	1	1	0	3	0	0	0	1	3	1	0	2	1	0	2	0	2	1	0	0	2	1	1
am0015	0	0	0	0	0	0	0	0	0	0	0	0	0	0	0	0	0	0	0	0	0	0	0	0	0	0	0	0	0	0	0	0	0	0	0	0	0	0	0	0	0	1	0	0	0	0	0	0	0	0	1	1	0	0	0	0	0	3	0	0	0	0	0	0	0	1	0	0	3	0	0	0	0	2	0	0	0	5	0	2	4	0	2	1
am0016	0	0	0	0	0	0	0	0	0	0	0	0	0	0	0	0	0	0	0	0	0	0	0	0	0	0	0	0	0	0	0	0	0	0	0	3	2	0	0	0	2	0	0	1	0	1	3	0	1	1	2	2	1	2	1	0	0	1	0	2	0	0	2	2	0	2	3	1	2	1	0	1	0	2	5	1	5	1	2	1	3	1	1	2
am0017	0	0	0	0	0	0	0	0	0	0	0	0	0	0	0	0	0	0	0	0	0	0	0	1	0	0	0	0	0	0	0	0	0	0	0	0	2	1	0	1	1	2	1	0	2	2	0	0	1	1	2	2	1	2	2	2	0	2	2	0	0	2	0	2	2	6	1	2	2	4	5	0	4	5	0	4	1	5	1	1	5	5	3	3
am0018	0	0	0	0	0	0	0	0	0	0	0	0	0	0	0	0	0	0	0	0	0	0	0	0	0	0	0	0	0	0	0	0	0	0	0	0	1	1	1	2	1	0	0	0	0	1	1	0	1	1	2	3	0	0	0	1	2	0	0	0	0	2	0	1	2	0	0	1	0	2	1	3	3	0	2	7	1	1	2	2	2	7	4	3
am0019	0	0	0	0	0	0	0	0	0	0	0	0	0	0	0	0	0	0	0	0	0	0	0	0	0	0	0	0	0	0	0	0	0	0	0	0	0	0	0	0	0	0	0	0	0	0	0	0	0	0	0	0	0	0	0	0	0	0	0	0	0	0	0	0	0	0	0	0	0	0	0	0	0	0	0	0	0	0	0	0	0	0	0	0
am0020	0	0	0	0	0	0	0	0	0	0	0	0	0	0	0	0	0	0	0	0	1	0	0	2	0	0	0	0	1	0	0	0	1	0	0	0	1	0	0	2	3	2	2	4	1	0	0	2	1	1	1	1	3	1	2	4	4	2	0	4	3	3	0	3	2	2	1	3	5	3	5	1	7	4	2	3	5	4	3	3	3	5	5	6
am0021	0	0	0	1	0	0	0	0	0	0	0	0	0	0	0	0	0	0	0	0	0	0	0	0	0	0	0	0	0	0	0	0	0	0	0	0	1	0	2	0	0	2	0	0	0	1	1	1	0	0	2	1	1	0	2	1	3	2	2	2	2	0	1	2	0	5	1	0	0	2	1	2	3	4	0	0	0	1	2	0	1	0	0	2
am0022	0	0	0	0	0	0	0	0	0	0	0	1	0	0	0	0	4	0	0	0	0	4	0	3	0	0	0	0	0	0	0	0	0	0	0	1	3	2	2	1	3	4	1	2	2	4	1	4	1	0	3	5	1	3	1	0	2	4	2	1	2	1	3	4	2	0	5	3	1	7	3	3	4	0	3	0	2	3	0	3	4	0	2	6
am0023	0	0	0	0	0	0	0	0	0	0	0	0	0	0	0	0	0	0	0	0	0	0	0	0	0	0	0	0	0	0	0	0	0	0	0	1	1	0	3	0	0	1	1	1	1	0	1	1	1	0	1	1	1	2	0	0	3	0	5	2	0	0	3	0	1	0	0	2	0	2	0	4	1	0	1	6	0	1	1	1	2	5	1	0
am0024	0	0	0	0	0	0	0	0	0	0	0	0	0	0	0	0	0	0	0	0	0	0	0	0	0	0	0	0	0	0	0	0	0	0	0	0	0	0	0	0	0	0	0	0	0	0	0	0	0	0	0	0	0	0	0	0	0	0	0	0	0	0	0	0	0	0	0	0	0	0	0	0	0	0	0	0	0	0	0	0	0	0	0	0
am0025	0	0	0	0	0	0	0	0	0	0	0	0	0	0	0	0	0	0	0	0	0	0	0	0	0	0	0	0	0	0	0	0	0	0	0	1	1	2	0	0	4	0	0	0	0	0	1	2	0	0	1	0	1	0	0	0	0	0	1	3	0	0	0	2	0	0	2	4	0	1	0	1	0	0	2	0	1	0	2	0	0	0	0	0
am0026	0	0	0	0	0	0	0	0	0	0	0	0	0	0	0	0	0	0	0	0	0	0	0	0	2	0	0	0	0	0	0	2	0	2	2	0	0	2	0	1	0	0	2	0	3	0	0	1	0	2	0	0	0	0	1	2	1	2	0	0	1	1	0	0	2	0	0	0	1	0	2	0	2	2	0	1	0	1	1	1	1	3	3	1
am0027	0	0	0	0	0	0	0	0	0	0	0	1	0	0	0	0	2	0	0	0	0	2	0	0	0	0	0	0	0	0	0	0	0	0	0	5	5	1	2	2	7	1	2	2	1	4	5	0	2	6	6	4	2	1	4	3	2	1	3	7	5	2	2	4	4	8	3	2	4	2	3	4	2	4	6	2	5	7	8	8	7	3	7	8
am0028	0	0	0	0	0	0	0	0	0	0	0	0	0	0	0	0	0	0	0	0	0	0	0	0	0	0	0	0	0	0	0	0	0	0	0	2	0	1	2	0	3	0	0	2	0	2	2	0	0	0	0	2	0	1	0	1	2	0	0	4	0	0	1	2	0	0	2	4	0	0	2	0	1	0	4	1	5	2	2	2	2	2	3	2
am0029	0	0	1	0	0	0	0	0	0	0	0	0	0	0	0	0	0	0	0	0	0	0	0	0	0	0	0	0	0	0	0	0	0	0	0	4	1	0	2	0	0	1	2	1	2	0	5	0	0	0	1	0	1	0	0	0	2	2	0	2	0	0	0	3	0	0	0	1	5	3	0	2	3	4	3	4	1	3	0	0	6	4	0	3
am0030	0	0	0	0	0	0	0	0	0	0	0	0	0	0	0	0	0	0	0	0	0	0	0	0	0	0	0	0	0	0	0	0	0	0	0	0	0	0	0	0	0	0	0	0	0	0	0	0	0	0	0	0	0	0	0	0	0	0	0	0	0	0	0	0	0	0	0	0	0	0	0	0	0	0	0	0	0	0	0	0	0	0	0	0
am0031	0	0	0	0	0	0	0	0	0	0	0	0	0	0	0	0	0	0	0	0	0	0	0	0	0	0	0	0	0	0	0	0	0	0	0	0	0	2	1	0	1	0	1	0	1	2	0	4	1	1	0	2	1	0	1	1	1	0	1	3	0	1	0	1	0	0	1	2	0	0	0	1	0	0	1	1	3	1	5	2	1	0	2	0
am0039	0	0	0	0	0	0	0	0	0	0	0	0	0	0	0	0	0	0	0	0	0	0	0	0	0	0	0	0	0	0	0	0	0	0	0	0	2	1	0	1	1	0	1	0	1	1	0	3	0	1	2	1	1	0	0	0	2	1	1	1	1	1	0	1	1	0	2	0	0	2	3	2	5	0	1	1	1	0	1	0	0	1	0	0
am0051	0	0	0	0	0	0	0	0	0	0	0	0	0	0	0	0	0	0	0	0	0	0	0	0	0	0	0	0	0	0	0	0	0	0	0	4	0	1	2	1	2	4	0	0	2	3	4	1	2	3	1	5	1	1	2	1	3	2	3	5	2	1	2	3	3	1	4	0	3	1	8	2	7	3	8	3	1	2	2	4	0	5	4	5
am0052	0	0	0	0	0	0	0	0	0	0	0	0	0	0	0	0	0	0	0	0	0	0	0	0	0	0	0	0	0	0	0	0	0	0	0	0	1	0	0	0	0	3	0	0	0	0	0	0	1	1	1	0	0	0	2	0	0	2	0	0	1	0	0	0	0	0	0	2	1	5	0	4	0	1	0	3	4	3	5	2	1	2	3	6
am0053	0	0	0	0	0	0	0	0	0	0	0	0	0	0	0	0	0	0	0	0	0	0	0	0	0	0	0	0	0	0	0	0	0	0	0	0	0	2	0	0	1	1	0	1	0	0	0	1	1	0	0	0	1	1	2	0	0	0	1	0	0	0	1	0	0	1	1	0	0	0	0	0	0	2	1	0	2	2	0	2	1	0	2	1
am0054	0	0	0	0	0	0	0	0	0	0	0	0	0	0	0	0	0	0	0	0	0	0	0	0	0	0	0	0	0	0	0	0	0	0	0	0	0	0	1	0	0	1	0	0	0	0	0	0	0	0	0	0	0	1	0	0	1	0	0	1	0	0	0	0	0	0	0	0	0	0	0	0	1	0	0	0	0	0	0	0	1	0	0	1
am0055	0	0	0	0	0	0	0	0	0	0	0	0	0	0	0	0	0	0	0	0	0	0	0	0	0	0	0	0	0	0	0	0	0	0	0	0	0	0	1	2	0	0	0	0	0	0	0	0	0	0	0	0	0	0	0	2	2	1	0	1	0	2	0	0	2	0	0	1	2	0	2	0	1	1	0	0	4	0	3	0	0	0	0	0
am0056	0	0	0	0	0	0	0	0	0	0	0	0	0	0	0	0	0	0	0	0	0	0	0	0	0	0	0	0	0	0	0	0	0	0	0	0	0	0	0	0	0	0	0	0	0	0	0	0	0	1	0	0	0	0	0	1	0	0	1	1	1	0	0	0	0	0	0	0	0	0	1	0	0	0	0	0	0	1	0	1	3	0	1	2
am0057	0	0	0	0	0	0	0	0	0	0	0	0	0	0	0	0	0	0	0	0	0	0	0	0	0	0	0	0	0	0	0	0	0	0	0	0	0	0	0	0	0	0	0	0	2	0	0	0	0	0	0	0	1	0	0	0	0	0	0	0	0	0	0	0	2	0	0	0	0	0	0	0	0	0	0	0	0	0	0	0	1	0	0	2
am0058	0	0	0	0	0	0	0	0	0	0	0	1	0	0	0	0	0	0	0	0	0	1	0	0	0	0	0	0	0	0	0	0	0	0	0	0	1	1	2	0	2	0	0	0	0	0	0	0	1	1	1	0	1	0	0	1	2	1	1	2	0	1	0	3	0	0	2	0	0	2	1	1	2	0	1	0	0	0	2	1	0	0	1	0
am0059	0	0	0	0	0	0	0	0	0	0	0	0	0	0	0	0	0	0	0	0	0	0	0	0	0	0	0	0	0	0	0	0	0	0	0	0	0	0	0	0	0	0	0	0	0	0	0	0	0	0	0	0	0	0	0	0	0	0	0	0	0	0	0	0	0	0	0	0	0	0	0	0	0	0	0	0	0	0	0	0	0	0	0	0
am0060	0	0	0	0	0	0	0	0	0	0	0	0	0	0	0	0	0	0	0	0	0	0	0	0	0	0	0	0	0	0	0	0	0	0	0	0	0	1	0	0	2	1	2	1	1	3	0	0	2	1	1	4	0	0	2	2	0	2	0	1	0	0	0	0	0	3	0	0	4	0	0	0	0	5	0	0	2	1	2	1	1	0	1	3
am0061	0	0	0	0	0	0	0	0	0	0	0	0	0	0	0	0	0	0	0	0	0	0	0	0	0	0	0	0	0	0	0	0	0	0	0	0	0	0	0	0	0	1	0	0	0	0	1	0	1	2	1	1	0	1	0	0	0	0	1	0	2	0	1	1	0	1	0	4	0	1	0	4	0	1	0	2	3	3	2	2	3	1	2	0
am0062	0	0	0	0	0	0	0	0	0	0	0	0	0	0	0	0	0	0	0	0	0	0	0	0	0	0	0	0	0	0	0	0	0	0	0	0	0	0	0	0	0	0	0	0	0	1	0	0	1	0	0	1	0	0	1	0	0	1	0	0	0	0	0	0	0	0	0	3	1	0	0	0	0	0	0	1	1	2	0	1	1	1	1	1
am0063	0	0	0	0	0	0	0	1	0	0	1	0	0	0	0	0	0	1	0	0	0	0	1	0	1	0	0	1	0	0	1	1	0	0	0	0	1	2	0	3	1	0	2	0	1	0	1	3	1	0	1	1	1	0	1	1	0	1	2	1	0	3	1	2	2	0	1	1	1	0	2	0	2	1	0	2	1	0	2	1	0	1	1	1
am0064	0	0	0	0	0	0	0	0	0	0	0	0	0	0	0	0	0	0	0	0	0	0	0	0	0	0	0	0	0	0	0	0	0	0	0	2	0	0	0	0	0	0	1	1	0	0	2	0	0	0	0	2	0	0	0	1	0	0	0	0	0	1	0	0	0	0	1	0	0	2	0	2	0	2	4	0	0	0	0	2	0	2	2	0
am0065	0	0	0	0	0	0	0	0	0	0	0	0	0	0	0	0	0	0	0	0	0	0	0	1	0	0	0	0	0	0	0	0	0	0	0	1	0	0	0	0	2	0	0	1	1	1	1	1	0	0	0	1	1	3	1	0	0	0	2	2	0	0	4	2	0	1	2	0	1	0	2	0	2	1	2	2	0	1	1	1	0	2	1	2
am0066	0	0	0	0	0	0	0	1	0	0	1	0	0	0	1	1	0	0	0	0	0	0	0	0	0	1	0	1	1	0	1	0	0	0	1	1	0	0	1	0	0	0	1	2	1	0	2	0	0	1	0	0	2	0	0	2	1	0	0	1	2	0	0	2	1	0	2	0	0	0	2	0	0	0	2	0	0	0	0	0	1	0	0	2
am0067	0	0	0	0	0	0	0	0	0	0	0	0	0	0	0	0	0	0	0	0	0	0	0	0	0	0	0	0	0	0	0	0	0	0	0	2	1	0	0	1	0	0	1	1	1	1	3	1	2	1	1	1	2	0	1	2	0	0	2	1	0	2	1	3	1	1	2	2	1	1	1	1	0	2	2	1	3	2	2	5	5	3	6	6
am0068	0	0	0	0	0	0	0	0	0	0	0	0	0	0	0	0	0	0	0	0	0	0	0	0	0	0	0	0	0	0	0	0	0	0	0	2	0	0	1	2	1	0	0	0	1	2	3	0	1	1	0	0	1	0	1	0	1	1	0	1	2	2	0	2	2	4	4	0	4	0	1	0	3	5	7	1	0	0	0	1	0	0	0	1
am0069	0	0	0	0	0	0	0	0	0	0	0	0	0	0	0	0	0	0	0	0	0	0	0	0	0	0	0	0	0	0	0	0	0	0	0	7	1	3	3	3	6	3	4	2	4	1	7	2	4	3	3	4	0	2	4	4	6	6	0	6	4	4	2	0	5	4	1	8	2	6	7	11	15	8	10	7	7	7	7	2	4	18	7	5
am0070	0	0	0	0	0	0	0	0	0	0	0	0	0	0	0	0	0	0	0	0	0	0	0	0	0	0	0	0	0	0	0	0	0	0	0	2	1	1	0	0	3	3	0	0	0	0	4	0	2	0	1	0	0	4	0	0	0	1	5	2	0	0	3	2	0	0	1	1	0	2	0	2	1	2	3	7	1	3	3	2	3	6	3	7
am0071	0	0	0	0	0	0	0	0	0	0	0	0	0	0	0	0	0	0	0	0	0	0	0	0	0	0	0	0	0	0	0	0	0	0	0	2	3	0	0	3	0	0	0	3	0	2	2	0	0	0	3	1	2	0	0	1	0	0	0	0	0	3	0	0	2	1	0	1	0	4	2	3	1	0	3	0	0	0	2	0	0	0	0	0
am0072	0	0	0	0	0	0	0	0	0	0	0	0	0	0	0	1	0	0	0	0	0	0	0	0	0	1	0	0	0	0	0	0	0	0	0	1	0	0	0	0	0	0	2	1	1	0	1	0	0	0	0	0	1	0	0	0	0	0	0	0	0	0	0	2	0	0	2	0	0	0	0	0	0	0	2	0	0	0	0	0	0	0	0	2
am0073	0	0	0	0	0	0	0	0	0	0	0	0	0	0	0	0	0	0	0	0	0	0	0	0	0	0	0	0	0	0	0	0	0	0	0	1	4	4	2	4	1	1	1	2	3	4	2	2	2	1	4	4	1	2	3	8	3	3	2	3	5	6	4	2	4	2	2	2	1	4	4	4	5	1	2	4	1	2	1	5	2	4	4	4
am0074	0	0	0	0	0	0	0	0	0	0	0	0	0	0	0	0	0	0	0	0	0	0	0	0	0	0	0	0	0	1	0	0	0	0	0	1	0	1	3	0	1	0	0	1	1	0	2	1	1	1	0	0	1	0	4	1	3	0	1	1	2	1	0	1	0	0	0	0	0	0	0	0	3	0	1	2	2	3	4	1	2	1	1	4
am0075	0	0	0	0	0	0	0	0	0	0	0	0	0	0	0	0	0	0	0	0	0	0	0	0	0	0	0	0	0	0	0	0	0	0	0	0	0	0	1	0	0	0	0	0	1	0	0	1	1	0	0	0	1	0	1	1	1	0	1	3	2	0	0	1	1	0	1	0	2	0	1	0	0	2	0	0	2	0	2	1	1	1	0	2
am0076	0	0	0	0	0	0	0	0	0	0	0	0	0	0	0	1	0	0	0	0	0	0	0	0	0	1	0	0	1	0	0	0	0	1	1	0	3	6	6	0	0	0	1	1	0	0	0	3	0	0	3	1	1	2	0	0	5	1	0	3	0	0	2	1	2	2	1	0	3	2	3	0	3	4	0	4	2	0	1	1	0	3	0	1
am0077	0	0	0	0	0	0	0	0	0	0	0	0	0	0	0	0	0	0	0	0	0	0	0	0	0	0	0	0	0	0	0	0	0	0	0	0	0	0	0	1	0	1	0	0	1	1	0	0	1	0	0	1	0	1	2	3	0	0	0	0	0	3	0	0	2	0	0	0	0	0	2	0	1	0	0	0	0	1	0	0	1	0	0	1
am0078	0	0	0	0	0	0	0	0	0	0	0	0	0	0	0	0	0	0	0	0	0	0	0	0	0	0	0	0	0	0	0	0	0	0	0	0	1	0	0	0	1	3	0	0	0	1	0	0	0	0	1	1	0	1	0	0	0	1	0	1	0	0	0	0	0	0	0	0	0	1	0	0	0	0	0	0	0	0	0	0	0	0	0	0
am0079	0	0	0	0	0	0	0	0	0	0	0	0	0	0	0	0	0	0	0	0	0	0	0	0	0	0	0	0	0	0	0	0	0	0	0	4	1	1	1	0	2	0	1	3	1	7	4	0	1	0	2	3	2	0	0	4	1	0	0	1	0	1	0	0	0	5	0	1	0	4	4	3	0	2	4	0	2	1	3	5	3	1	3	6
am0080	0	0	0	0	0	0	0	0	0	0	0	0	0	0	0	0	0	0	0	0	0	0	0	0	0	0	0	0	0	0	0	0	0	0	0	0	0	0	2	1	0	0	1	1	1	0	0	0	1	1	0	0	0	0	1	0	2	0	0	1	0	1	0	0	1	0	0	0	0	1	1	1	1	0	0	1	0	0	0	1	0	0	1	0
am0081	0	0	0	0	0	0	0	0	0	0	0	0	0	0	0	0	0	0	0	0	0	0	0	0	0	0	0	0	0	0	0	0	0	0	0	0	0	0	0	0	0	0	1	1	1	0	0	0	0	0	0	0	0	0	0	2	1	0	0	0	0	0	0	0	0	0	0	0	0	0	1	0	2	0	0	0	0	0	0	0	0	0	0	0
am0082	0	0	0	0	0	0	0	0	0	0	0	0	0	0	0	0	0	0	0	0	0	0	0	0	0	0	0	0	0	0	0	0	0	0	0	2	0	6	2	0	4	0	1	0	0	1	2	4	0	0	0	0	3	0	0	0	2	0	1	3	2	0	0	3	0	1	3	3	1	1	2	4	4	1	2	3	4	1	6	4	1	2	2	1
am0083	0	0	0	0	0	0	0	0	0	0	0	0	0	0	0	0	0	0	0	0	0	0	0	0	0	0	0	0	0	0	0	0	0	0	0	0	1	0	0	0	0	0	0	1	0	1	0	0	0	1	1	2	1	0	2	0	0	2	1	0	1	0	1	1	0	0	1	1	2	2	0	2	0	0	0	0	0	3	0	2	1	1	1	1
am0084	0	0	0	0	0	0	0	0	0	0	0	0	0	0	0	0	0	0	0	0	0	0	0	0	0	0	0	0	0	0	0	0	0	0	0	0	0	0	0	0	0	0	0	0	0	0	0	0	1	0	0	0	0	0	1	0	0	0	0	0	1	0	0	0	0	0	0	0	0	0	0	0	0	0	0	0	0	0	0	0	0	4	4	0
am0085	0	0	0	0	0	0	0	0	0	0	0	0	0	0	0	0	0	0	0	0	0	0	0	0	0	0	0	0	0	0	0	0	0	0	0	0	1	4	1	2	3	4	1	1	1	1	0	5	1	1	3	2	1	6	2	3	3	3	6	1	1	4	6	0	2	4	0	3	4	1	4	2	6	6	0	5	6	9	6	6	7	9	8	3
am0086	0	0	0	0	0	0	0	0	0	0	0	0	0	0	0	0	0	0	0	0	0	0	0	0	0	0	0	0	0	0	0	0	0	0	0	0	1	1	1	2	1	0	0	0	0	2	0	4	1	2	1	0	1	0	1	0	1	1	1	2	0	2	0	2	2	6	1	0	1	4	0	1	1	4	0	0	0	1	0	1	1	0	1	1
am0087	0	0	0	0	0	0	0	0	0	0	0	0	0	0	0	0	0	0	0	0	0	0	0	0	0	0	0	0	0	0	0	0	0	0	0	0	0	0	2	0	2	0	1	1	0	1	0	0	0	0	0	1	1	0	0	0	2	1	0	2	0	0	0	1	0	0	1	4	2	0	1	1	2	1	0	2	3	1	1	0	1	1	0	1
am0088	0	0	0	0	0	0	0	0	0	0	0	0	0	0	0	0	0	0	0	0	0	0	0	0	0	0	0	0	0	0	0	0	0	0	0	0	0	0	0	0	0	0	1	1	0	1	0	0	0	2	0	1	2	0	0	0	0	0	0	0	2	0	0	1	0	0	1	1	0	1	0	2	0	1	0	1	0	0	1	0	0	3	2	1
am0089	0	0	0	0	0	0	0	0	0	0	0	0	0	0	0	0	0	0	0	0	0	0	0	0	0	0	0	0	0	0	0	0	0	0	0	1	0	0	1	1	1	2	1	1	2	3	1	0	2	1	0	1	1	1	2	0	1	2	4	1	1	2	0	1	3	3	1	1	2	4	1	4	1	3	2	0	1	5	0	4	5	2	4	5
am0090	0	0	0	0	0	0	0	0	0	0	0	0	0	0	0	0	0	0	0	0	0	0	0	0	0	0	0	0	0	0	0	0	0	0	0	0	0	0	0	0	0	0	0	0	0	0	0	0	0	0	0	0	0	0	0	0	0	0	0	0	0	0	0	0	0	0	0	0	0	0	0	0	0	0	0	0	0	0	0	0	0	0	0	0
am0091	0	0	0	0	0	0	0	0	0	0	0	0	0	0	0	0	0	0	0	0	0	0	0	0	0	0	0	0	0	0	0	0	0	0	0	0	0	1	0	1	0	1	0	1	1	1	0	1	0	1	0	0	1	0	0	2	0	1	0	1	1	2	0	1	2	0	1	1	0	0	3	0	2	0	0	4	1	0	2	0	0	1	0	0
am0092	0	0	0	0	0	0	0	0	0	0	0	0	0	0	0	0	0	0	0	0	0	0	0	0	0	0	0	0	0	0	0	0	0	0	0	0	0	0	0	0	0	0	0	0	0	1	0	1	0	1	0	0	0	2	1	0	0	0	1	0	0	0	2	0	0	0	0	1	3	0	0	0	0	3	0	0	2	2	1	1	0	0	1	0
am0093	0	0	0	0	0	0	0	0	0	0	0	0	0	0	0	0	0	0	0	0	0	0	0	0	0	0	0	0	0	0	0	0	0	0	0	1	0	0	0	1	0	0	1	1	1	0	2	0	0	1	0	0	0	0	0	1	0	0	0	0	1	2	0	1	1	0	1	0	0	0	0	2	2	0	2	0	1	0	1	2	2	0	2	5
am0094	0	0	0	0	0	0	0	0	0	0	0	0	0	0	0	0	0	0	0	0	0	0	0	0	0	0	0	0	0	0	0	0	0	0	0	0	0	0	0	2	1	2	0	0	2	1	0	2	2	1	0	1	0	0	2	1	2	3	2	1	2	2	1	0	3	0	1	1	1	1	2	2	4	0	1	3	0	0	1	0	0	2	0	0
am0095	0	0	0	0	0	0	0	0	0	0	0	0	0	0	0	0	0	0	0	0	0	0	0	0	0	0	0	0	0	0	0	0	0	0	0	1	3	2	1	3	2	4	2	2	5	0	1	1	3	3	3	1	2	6	2	1	2	5	1	3	2	3	5	3	4	3	4	10	3	3	3	2	3	2	2	7	8	1	7	9	0	5	10	3
am0096	0	0	0	0	0	0	1	0	0	0	0	0	0	0	0	0	0	0	0	0	0	0	0	0	0	0	0	0	0	0	0	0	0	0	0	3	5	4	1	0	4	1	2	2	1	1	3	4	2	1	5	4	1	1	1	1	1	1	2	5	5	0	0	1	4	1	3	1	1	3	4	1	4	1	7	5	2	4	3	6	3	11	11	3
am0097	0	0	0	0	0	0	0	0	0	0	0	0	0	0	0	0	0	0	0	0	0	0	0	0	0	0	0	0	0	0	0	0	0	0	0	2	1	0	2	2	1	2	4	5	2	2	3	1	5	0	1	1	6	0	4	5	2	3	1	2	1	3	0	6	1	1	12	2	1	2	4	1	1	1	8	2	1	1	2	3	1	1	3	1
am0098	0	0	0	0	0	0	0	0	0	0	0	0	0	0	0	0	0	0	0	0	0	0	0	0	0	0	0	0	0	0	0	0	0	0	0	0	0	1	3	0	1	2	1	1	0	0	0	0	2	0	2	3	0	1	3	0	3	3	1	1	0	0	1	0	0	0	0	0	1	7	4	6	6	0	0	0	0	2	0	0	1	2	2	3
am0099	0	0	0	0	0	0	0	0	0	0	0	0	0	1	0	0	0	0	0	0	0	0	1	0	0	0	0	1	0	0	1	0	0	0	0	0	0	1	1	1	0	1	0	0	1	0	0	1	1	0	0	0	0	2	0	0	1	0	1	0	0	1	1	0	6	1	0	2	2	3	1	8	2	3	0	2	0	2	1	2	3	3	3	1
am0100	0	0	0	0	0	0	0	0	0	0	0	0	0	0	0	0	0	0	0	0	0	0	0	0	0	0	0	0	0	0	0	0	0	0	0	1	0	1	0	0	0	1	0	1	0	0	1	1	1	0	1	1	1	2	1	1	0	0	0	0	0	0	0	0	0	0	0	0	1	0	1	0	0	1	2	1	0	1	1	0	2	0	0	2
am0101	0	0	0	0	0	0	0	0	0	0	0	0	0	0	0	0	0	0	0	0	0	0	0	0	0	0	0	0	0	0	0	0	0	0	0	0	0	0	0	0	1	0	0	0	0	0	0	1	0	0	0	0	0	0	0	0	0	0	1	0	0	0	0	0	0	0	0	0	0	0	0	0	0	0	0	0	1	0	0	0	1	2	1	1
am0102	0	0	0	0	0	0	0	0	0	0	0	0	0	0	0	0	0	0	0	0	0	0	0	0	0	0	0	0	0	2	0	0	0	0	0	0	1	1	1	1	2	0	0	1	0	1	0	2	0	3	2	0	1	3	0	1	2	1	3	1	6	1	6	2	1	1	2	0	1	2	3	1	3	1	4	0	1	1	3	1	1	0	0	4
am0103	0	0	0	0	0	0	0	0	0	0	0	0	0	0	0	0	0	0	0	0	0	0	0	0	0	0	0	0	0	0	0	0	0	0	0	1	2	0	0	0	0	1	2	1	2	1	1	0	0	1	2	0	0	2	1	0	1	3	0	0	2	0	3	0	1	2	0	0	2	2	0	0	1	2	2	2	1	2	1	1	1	3	3	2
am0104	0	0	0	0	0	0	0	0	0	0	0	0	0	0	0	0	0	0	0	0	0	0	0	0	0	0	0	0	0	0	0	0	0	0	0	0	1	0	0	1	0	0	0	0	0	0	0	0	1	0	1	1	0	0	0	0	0	0	0	0	1	1	0	0	1	0	0	2	0	0	2	2	1	1	0	3	2	3	3	0	6	2	1	0
am0105	0	0	0	0	0	0	0	0	0	0	0	0	0	0	0	0	0	0	0	0	0	0	0	0	0	0	0	0	0	0	0	0	0	0	0	0	1	0	0	0	0	0	0	0	0	1	0	0	0	0	1	0	0	0	2	0	0	0	0	0	0	0	0	0	0	1	0	2	0	4	0	3	0	0	0	3	2	2	3	1	2	3	3	0
am0106	0	0	0	0	0	0	0	0	0	0	0	0	0	0	0	0	0	0	0	0	0	0	0	0	0	0	0	0	0	0	0	0	0	0	0	0	0	0	0	0	0	1	2	1	1	0	0	0	2	0	0	0	0	1	1	0	0	0	0	0	0	0	0	0	0	0	0	0	1	0	0	0	0	1	0	1	0	2	0	1	2	0	1	1
am0107	0	0	0	0	0	0	0	0	0	0	0	0	0	0	0	0	0	0	0	0	0	0	0	0	0	0	0	0	0	0	0	0	0	0	0	0	1	0	0	0	0	2	0	0	0	1	0	0	0	2	1	0	0	1	0	1	0	1	0	0	2	0	0	0	0	1	0	0	2	1	2	1	1	1	2	0	1	0	1	1	1	1	1	1
am0108	0	0	0	0	0	0	0	0	0	0	0	0	0	0	0	0	0	0	0	0	0	0	0	0	0	0	0	0	0	0	0	0	0	0	0	2	2	0	0	2	1	0	2	0	2	0	2	0	0	1	2	0	0	1	0	1	0	0	0	1	1	2	1	1	2	0	2	0	0	3	4	3	1	0	4	2	0	1	0	0	1	3	0	0
am0109	0	0	0	0	0	0	0	0	0	0	0	0	0	0	0	0	0	0	0	0	0	0	0	0	0	0	0	0	0	0	0	0	0	0	0	0	0	0	0	0	0	1	1	0	1	0	0	0	0	4	0	0	0	1	2	5	1	2	0	0	5	0	0	0	1	2	0	1	5	1	4	1	2	5	0	2	2	2	2	9	0	1	6	4
am0110	0	0	0	0	0	0	0	0	0	0	0	0	0	0	0	0	0	0	0	0	0	0	0	0	0	0	0	0	0	0	0	0	0	0	0	6	3	3	1	3	1	2	3	4	3	6	6	5	1	0	3	3	5	3	0	5	1	2	4	3	0	4	3	6	5	6	5	8	4	5	5	8	0	6	7	3	5	0	2	1	1	4	3	2
am0111	0	0	0	0	0	0	0	0	0	0	0	0	0	0	0	0	0	0	0	0	0	0	0	0	0	0	0	0	0	0	0	0	0	0	0	0	0	1	0	0	4	0	1	0	0	0	0	1	0	1	0	0	0	0	0	0	0	0	1	0	2	0	0	0	0	0	2	0	0	0	3	0	0	0	2	0	0	0	0	0	0	0	0	0
am0112	0	0	0	0	0	0	0	0	0	0	0	0	0	0	0	0	0	0	0	0	0	0	0	0	0	0	0	0	0	0	0	0	0	0	0	0	0	1	2	0	2	0	0	1	0	0	0	0	1	0	0	0	2	0	0	1	2	0	0	3	0	0	0	1	1	1	1	3	0	0	0	1	0	2	0	0	2	0	2	2	0	0	2	1
am0113	0	0	0	0	0	0	0	0	0	0	0	0	0	0	0	0	0	0	0	0	0	0	0	0	0	0	0	0	0	1	0	0	0	0	0	0	0	0	1	0	0	3	3	2	2	1	1	0	1	2	1	2	2	1	1	2	1	7	4	1	1	0	2	3	0	3	3	0	7	2	5	4	3	4	4	4	1	1	5	4	4	3	3	5
am0114	0	0	0	0	0	0	0	0	0	0	0	0	0	0	0	0	0	0	0	0	0	0	0	0	0	0	0	0	0	0	0	0	0	0	0	0	0	0	0	1	0	1	1	0	0	1	1	1	0	0	0	0	0	1	1	1	0	1	4	0	0	1	3	1	1	2	1	0	1	1	2	1	1	1	1	2	1	0	2	0	0	2	1	0
am0115	0	0	0	0	0	0	0	0	0	0	0	0	0	0	0	0	0	0	0	0	0	0	0	0	0	0	0	0	0	0	0	0	0	0	0	2	1	0	0	0	0	0	1	2	2	0	2	0	0	0	1	0	4	0	0	0	0	0	0	0	0	0	0	3	2	2	4	0	0	1	1	0	0	0	3	0	0	0	1	0	0	0	0	0
am0116	0	0	0	0	0	0	0	0	0	0	0	0	0	0	0	0	0	0	0	0	0	0	0	0	0	0	0	0	0	0	0	0	0	0	0	1	0	1	1	1	2	1	1	1	0	4	1	2	1	5	0	2	4	2	1	1	1	1	1	2	4	1	0	4	2	6	5	0	2	2	0	2	1	4	2	4	2	3	4	3	3	2	3	1
am0117	0	0	0	0	0	0	0	0	0	0	0	0	0	0	0	0	0	0	0	0	0	0	0	0	0	0	0	0	0	0	0	0	0	0	0	1	1	2	0	5	1	1	3	1	2	1	1	3	3	0	1	1	0	4	2	7	0	3	3	0	0	6	3	2	6	1	4	1	3	6	5	6	2	1	6	0	1	2	1	3	2	1	3	2
am0118	0	0	0	0	0	0	0	0	0	0	1	0	0	0	0	0	0	1	0	1	0	0	0	0	0	0	0	0	0	0	0	0	0	0	0	2	0	0	5	1	1	0	2	3	1	5	2	2	2	5	0	5	4	1	4	1	5	1	4	4	4	1	6	3	0	5	2	6	4	0	3	3	4	9	2	7	5	4	3	3	2	6	3	5
am0119	0	0	0	0	0	0	0	0	0	0	0	0	0	0	0	0	0	0	0	0	0	0	0	0	0	0	0	0	0	0	0	0	0	0	0	1	2	2	0	0	1	1	0	1	2	0	2	2	2	0	3	1	1	5	0	3	0	1	2	0	1	1	5	2	2	2	1	2	5	2	2	3	0	4	1	0	2	0	1	6	1	3	5	2
am0120	0	0	0	0	0	0	0	0	0	0	0	0	0	0	0	0	0	0	0	0	0	0	0	0	0	0	0	0	0	0	0	0	0	0	0	0	1	0	0	2	1	0	0	0	1	0	1	0	1	2	1	0	0	0	2	3	0	0	2	1	0	3	1	1	3	0	1	1	3	2	2	2	2	4	1	2	2	4	5	5	5	1	3	3
am0121	0	0	0	0	0	0	0	0	0	0	0	0	0	0	0	0	0	0	0	0	0	0	0	0	0	0	0	0	0	0	0	0	0	0	0	0	2	0	0	1	1	0	1	1	1	1	0	1	2	0	3	1	1	0	3	0	0	2	1	1	2	1	0	0	1	1	0	2	2	3	1	1	1	0	0	0	11	4	13	4	4	0	2	6
am0122	0	0	0	0	0	0	0	0	0	0	0	0	0	0	0	0	0	0	0	0	0	0	0	0	0	0	0	0	0	0	0	0	0	0	0	1	0	0	3	0	0	0	0	0	0	0	1	0	1	0	0	2	0	0	0	2	4	0	0	3	2	2	0	0	0	2	1	0	2	0	0	0	1	2	2	2	0	1	0	1	1	0	1	6
am0123	0	0	0	0	0	0	0	0	0	0	0	2	0	0	0	0	0	0	0	0	0	0	0	1	0	0	0	0	0	0	0	0	0	0	0	5	1	3	1	0	4	1	0	1	0	0	5	0	2	1	2	1	2	1	1	0	1	1	2	2	1	0	5	7	0	1	6	4	0	1	0	1	0	1	12	2	6	3	6	3	4	4	4	1
am0124	0	0	0	0	0	0	0	0	0	0	0	0	0	0	0	0	0	0	0	0	0	0	0	0	0	0	0	0	0	0	0	0	0	0	0	1	0	1	1	1	0	0	0	0	0	1	1	2	0	0	0	1	0	0	0	0	1	0	1	1	1	1	0	1	1	1	0	0	0	0	1	0	1	1	0	1	0	1	0	0	3	2	1	4
am0125	0	0	0	0	0	0	0	0	0	0	0	0	0	0	0	0	0	0	0	0	0	0	0	0	0	0	0	0	0	0	0	0	0	0	0	0	0	0	0	0	0	0	0	0	0	0	0	0	0	0	0	0	0	0	1	0	0	0	0	0	0	0	0	0	0	0	0	3	0	0	0	0	0	0	0	4	4	2	2	1	2	2	1	1
am0126	0	0	0	0	0	0	0	0	0	0	0	0	0	0	0	0	0	0	0	0	0	0	0	0	0	0	0	0	0	0	0	0	0	0	0	0	3	1	1	0	0	1	0	0	0	1	0	1	0	0	3	0	0	3	0	0	1	3	0	2	1	0	0	0	0	1	0	0	1	6	0	0	0	0	0	3	2	2	3	0	0	3	1	1
am0127	0	0	0	0	0	0	0	0	0	0	0	0	0	0	0	0	0	0	0	0	0	0	0	0	0	0	0	0	0	0	0	0	0	0	0	0	0	4	1	4	3	2	0	0	3	1	0	4	2	0	0	0	1	6	2	0	2	0	2	2	0	4	4	1	6	1	1	1	0	0	1	0	3	0	0	1	2	3	1	1	1	1	1	2
am0128	0	0	0	0	0	0	0	0	0	0	0	0	0	0	0	0	0	0	0	0	0	0	0	0	0	0	0	0	0	0	0	0	0	0	0	0	0	0	1	0	1	1	0	1	0	0	0	1	0	0	0	0	2	1	1	0	2	1	1	1	1	0	1	1	0	0	1	0	0	0	1	0	1	0	0	2	0	1	0	1	0	2	1	1
am0129	0	0	0	0	0	0	0	0	1	0	0	0	0	0	0	0	0	1	0	0	0	0	1	0	0	0	0	0	1	0	0	0	0	0	1	0	1	0	1	1	0	1	4	0	4	0	0	3	2	6	1	0	1	1	1	1	2	0	6	1	5	2	3	1	1	0	2	2	0	3	4	5	6	0	1	3	2	5	2	7	11	3	7	7
am0130	0	0	0	0	0	0	0	0	0	0	0	0	0	0	0	0	0	0	0	0	0	0	0	0	0	0	0	0	0	0	0	0	0	0	0	0	0	0	1	0	2	0	0	0	0	0	0	0	1	0	0	0	0	0	1	0	3	0	0	3	0	0	0	0	0	4	0	2	0	0	1	1	2	0	0	0	1	4	0	2	3	1	2	0
am0131	0	0	0	0	0	0	0	0	0	0	0	0	0	0	0	0	0	0	0	0	0	0	0	0	0	0	0	0	0	0	0	0	0	0	0	0	0	1	3	3	2	1	2	4	3	1	1	4	1	1	0	1	5	0	0	3	3	1	3	5	1	3	1	3	4	0	2	0	2	1	4	1	1	1	0	1	2	6	4	1	3	2	3	4
am0132	0	0	0	0	0	0	0	0	0	0	0	0	0	0	0	0	0	0	0	0	0	0	0	0	0	0	0	0	1	0	0	0	0	1	1	1	0	1	1	3	0	2	2	3	2	3	1	2	1	1	0	0	5	6	2	4	0	3	4	0	1	4	7	2	4	4	2	1	4	0	4	0	3	3	1	2	3	1	4	4	0	2	2	2
am0134	0	0	0	0	0	0	0	0	0	0	0	0	0	0	0	0	0	0	0	0	0	0	0	0	0	0	0	0	0	0	0	0	0	0	0	0	0	0	1	4	0	0	1	1	1	0	0	0	2	0	0	0	1	0	2	3	1	1	1	2	1	5	1	0	5	1	0	3	0	0	3	2	2	1	0	3	2	3	3	3	3	3	5	3
am0135	0	0	0	0	0	0	0	0	0	0	0	0	0	0	0	0	0	0	0	0	0	0	0	0	0	0	0	0	0	0	0	0	0	0	0	0	3	2	0	0	1	0	0	0	0	1	0	1	1	0	3	3	1	0	0	0	0	0	0	0	0	0	0	1	0	2	1	4	0	1	0	2	0	1	0	5	3	0	1	1	0	4	1	0
am0136	0	0	0	0	0	0	0	0	0	0	0	0	0	0	0	0	0	0	0	0	0	0	0	0	0	0	0	0	0	0	0	0	0	0	0	0	0	1	3	0	0	0	3	4	1	1	1	1	1	1	0	1	5	0	3	0	3	0	0	1	1	0	2	3	1	5	3	1	0	0	0	0	2	5	1	3	2	3	2	1	4	3	3	6
am0137	1	0	0	0	0	0	0	0	0	0	0	0	0	0	0	0	0	0	0	0	0	0	0	0	0	0	0	0	0	0	0	0	0	0	0	1	0	2	0	2	0	0	1	0	0	1	1	2	0	0	0	1	0	0	1	0	0	2	1	0	0	2	1	0	1	1	0	1	2	0	1	0	1	1	1	3	1	1	1	1	0	3	1	2
am0138	0	0	0	0	0	0	0	0	0	0	0	1	0	0	0	0	1	0	0	0	0	0	0	0	0	0	0	0	0	0	0	0	0	0	0	1	1	0	0	0	0	2	0	0	0	1	1	0	1	2	2	3	0	2	1	0	0	0	0	0	1	0	0	0	0	0	2	1	0	0	0	1	0	0	4	2	3	2	3	2	0	2	2	0
am0139	0	0	0	0	0	0	0	0	0	0	0	0	0	0	0	0	0	0	0	0	0	0	0	0	0	0	0	0	0	0	0	0	0	0	0	0	1	0	0	0	0	1	0	0	0	0	0	0	0	0	1	1	0	1	0	0	0	1	0	0	0	0	0	0	0	0	0	0	1	0	0	0	0	1	0	0	0	0	0	0	0	0	0	0
am0140	0	0	0	0	0	0	0	0	0	0	0	0	0	0	0	0	0	0	0	0	0	0	0	0	0	0	0	0	0	0	0	0	0	0	0	1	0	0	0	0	0	0	2	2	2	0	1	0	2	0	0	0	2	0	0	0	0	0	0	0	1	0	0	2	1	0	3	0	0	2	0	2	0	0	2	0	4	0	4	4	0	2	4	1
am0141	0	0	0	0	0	0	0	0	0	0	0	0	0	0	0	0	0	0	0	0	0	0	0	0	0	0	0	0	0	0	0	0	0	0	0	0	2	0	0	3	0	0	0	0	0	0	0	0	0	0	2	0	0	0	0	1	0	0	0	0	0	3	0	0	1	0	0	0	0	2	1	0	0	0	0	0	2	0	2	0	0	0	0	0
am0142	0	0	0	0	0	0	0	0	0	0	0	0	0	0	0	0	0	0	0	0	0	0	0	0	0	0	0	0	0	0	0	0	0	0	0	0	0	2	0	1	0	0	0	0	1	0	0	2	0	1	0	0	0	0	0	0	0	0	2	0	1	1	0	0	2	0	0	1	0	1	0	2	0	0	0	2	1	0	3	0	0	1	1	1
am0143	0	0	0	0	0	0	0	0	0	0	0	0	0	0	0	0	0	0	0	0	0	0	0	0	0	0	0	0	0	0	0	0	0	0	0	3	0	1	3	2	0	3	3	2	2	1	3	0	3	2	0	1	5	5	3	3	6	6	1	2	3	4	6	6	2	1	6	6	9	0	5	3	10	4	6	2	6	12	3	3	9	6	4	4
am0146	0	0	0	0	0	0	0	0	0	0	0	0	0	0	0	0	0	0	0	0	0	0	0	0	0	0	0	0	0	0	0	0	0	0	0	0	2	0	0	1	0	0	1	1	2	4	0	0	1	0	3	3	2	1	0	1	0	2	0	0	0	1	1	1	2	3	1	1	5	2	2	1	3	2	0	2	1	2	1	1	4	2	1	2
am0147	0	0	0	0	0	0	0	0	0	0	0	0	0	0	0	0	0	0	0	0	0	0	0	0	0	0	0	0	0	0	0	0	0	0	0	0	1	0	0	1	0	0	0	0	0	0	0	0	0	2	1	0	1	0	2	0	0	0	0	0	2	1	0	1	1	0	1	0	2	1	0	0	0	1	0	0	1	7	2	1	5	0	1	0
am0148	0	0	0	0	0	0	0	0	0	0	0	0	1	1	0	1	0	0	0	0	0	0	0	0	0	1	2	1	0	0	1	0	0	0	0	0	0	0	0	1	0	0	0	0	0	0	0	0	2	1	0	0	0	0	2	0	0	0	0	0	1	1	0	0	0	0	0	1	0	0	0	1	0	0	2	3	0	3	0	2	4	5	2	4
am0149	0	0	0	0	0	0	0	0	0	0	0	0	0	0	0	0	0	0	0	0	0	0	0	0	0	0	0	0	0	1	0	0	0	0	0	0	1	1	3	1	0	1	0	0	0	0	1	0	2	3	1	1	0	1	0	2	3	2	3	1	8	1	5	1	0	0	1	3	0	2	1	3	1	0	1	3	3	2	5	5	4	4	7	9
am0150	0	0	0	0	0	0	0	0	0	0	0	0	0	0	0	0	0	0	0	0	0	0	0	0	0	0	0	0	0	0	0	0	0	0	0	1	0	0	0	0	4	3	2	2	1	3	1	0	0	0	0	2	3	1	2	0	1	4	1	1	0	0	1	2	0	5	4	2	7	0	4	1	2	6	4	2	5	2	5	0	1	3	2	2
am0151	0	0	0	0	0	0	0	0	0	0	0	0	0	0	0	0	0	0	0	0	0	0	0	0	0	0	0	0	0	0	0	0	0	0	0	0	0	5	0	0	0	0	0	0	0	0	0	4	0	0	0	0	0	1	0	0	0	0	0	0	0	0	1	1	0	0	2	0	0	0	0	0	0	0	2	0	0	0	0	0	0	0	0	0
am0152	0	0	0	0	0	0	0	0	0	0	0	0	0	0	0	0	0	0	0	0	0	0	0	0	0	0	0	0	0	0	0	0	0	0	0	0	0	0	0	0	0	0	1	1	0	0	0	0	0	0	0	0	0	0	0	0	0	0	0	0	0	0	0	0	0	0	0	0	0	0	0	0	0	0	0	0	0	0	0	0	0	0	0	0
am0153	0	0	0	0	0	0	0	0	0	0	0	0	0	0	0	0	0	0	0	0	0	0	0	0	0	0	0	0	0	0	0	0	0	0	0	1	0	0	0	1	0	3	2	2	1	0	1	0	2	0	0	0	1	3	1	0	0	1	0	0	0	1	1	1	1	1	1	1	1	1	1	2	0	2	1	1	0	6	0	0	7	3	1	3
am0155	0	0	0	0	0	0	0	0	0	0	0	0	0	0	0	0	0	0	0	0	0	0	0	0	0	0	0	0	0	0	0	0	0	0	0	0	0	1	1	0	1	0	3	1	3	0	0	2	1	5	0	0	0	0	2	2	1	0	1	1	3	0	0	0	1	0	0	0	0	0	0	0	1	0	0	2	0	2	2	4	5	2	3	4
am0156	0	0	0	0	0	0	0	0	0	0	0	0	0	0	0	0	0	0	0	0	0	0	0	0	0	0	0	0	0	0	0	0	0	0	0	0	1	0	0	0	0	0	0	0	1	0	0	0	0	2	1	1	0	0	0	0	0	0	0	0	2	0	0	0	1	1	0	1	0	1	0	1	0	2	0	0	2	0	1	0	0	0	0	1
am0157	0	0	0	0	0	0	0	0	0	0	0	0	0	0	0	0	0	0	0	0	0	0	0	0	0	0	0	0	0	0	0	0	0	0	0	0	0	0	0	0	0	0	1	1	0	0	0	2	0	1	0	0	0	2	0	0	0	0	2	0	0	0	2	0	0	0	2	0	0	0	0	0	0	0	2	0	0	0	0	1	1	0	1	1
am0158	0	0	0	0	0	0	0	0	0	0	0	0	0	0	0	0	0	0	0	0	0	0	0	0	0	0	0	0	0	1	0	0	0	0	0	4	2	3	0	3	0	2	0	2	0	0	4	3	1	4	2	2	3	3	1	1	1	2	1	0	3	3	4	3	3	0	2	2	3	2	0	1	2	2	4	3	4	2	2	4	4	2	3	3
am0159	0	0	0	0	0	0	0	0	0	0	0	0	0	0	0	0	0	0	0	0	0	0	0	0	0	0	0	0	0	0	0	0	0	0	0	0	0	0	1	0	0	0	0	0	0	0	0	0	1	1	1	1	0	0	1	1	1	0	0	1	0	0	0	0	0	2	0	0	0	1	1	1	0	2	0	0	0	1	2	1	1	0	1	6
am0160	0	0	0	0	0	0	0	0	0	0	0	0	0	0	0	0	0	0	0	0	0	0	0	0	0	0	0	0	0	0	0	0	0	0	0	0	1	1	0	0	1	0	1	1	0	0	0	0	0	2	1	1	1	0	1	1	0	0	0	0	3	1	0	1	0	1	2	1	0	1	0	1	0	1	1	0	1	1	0	4	4	2	3	3
am0161	0	0	0	0	0	0	0	0	0	0	0	0	0	0	0	0	0	0	0	0	0	0	0	0	0	0	0	0	0	0	0	0	0	0	0	1	0	0	0	0	0	0	0	0	0	2	1	0	0	1	0	4	0	1	0	0	0	1	0	0	0	0	1	0	0	0	0	0	0	0	0	0	0	0	1	0	0	0	0	3	0	0	3	0
am0162	0	0	0	0	0	0	0	0	0	0	0	0	0	0	0	0	0	0	0	0	0	0	0	0	0	0	0	0	0	0	0	0	0	0	0	1	0	0	1	3	1	1	0	0	2	0	2	4	6	1	0	0	0	4	2	4	1	0	5	1	1	5	4	1	3	1	1	1	0	1	2	4	2	1	3	3	4	4	6	5	6	4	4	5
am0163	0	0	0	0	0	0	0	0	0	0	0	0	0	0	0	0	0	0	0	0	0	0	0	0	0	0	0	0	0	0	0	0	0	0	0	0	0	2	0	0	0	0	0	0	0	3	0	2	0	0	1	2	0	0	0	0	0	1	0	0	0	0	0	0	0	2	0	1	1	1	0	2	0	0	0	1	0	0	0	0	0	1	0	0
am0164	0	0	0	0	0	1	0	0	0	0	0	0	0	0	0	0	0	0	0	0	0	0	0	0	0	0	0	0	0	0	0	0	0	0	0	0	0	0	0	0	0	2	0	0	0	0	0	0	0	4	2	1	0	0	0	0	0	3	0	0	4	0	0	1	0	1	1	2	1	1	0	2	0	1	1	0	1	0	1	2	0	0	1	0
am0165	0	0	0	0	0	0	0	0	0	0	0	0	0	0	0	0	0	0	0	0	0	0	0	0	0	0	0	0	0	0	0	0	0	0	0	1	1	1	3	1	0	1	1	1	0	1	1	3	5	0	1	2	0	3	2	0	5	0	4	3	0	1	4	0	1	0	1	2	0	3	0	4	2	0	2	1	2	2	4	5	1	6	8	5
am0166	0	0	0	0	0	0	0	0	0	0	0	0	0	0	0	0	0	0	0	0	0	0	0	0	0	0	0	0	0	0	0	0	0	0	0	0	0	0	0	1	0	0	0	0	0	1	0	0	1	0	0	0	1	1	0	0	0	0	0	0	2	1	1	0	1	3	3	1	2	0	0	0	0	3	4	2	3	0	0	0	1	0	0	2
am0167	0	0	0	0	0	0	0	0	0	0	0	0	0	0	0	0	0	0	0	0	0	0	0	0	0	0	0	0	0	0	0	0	0	0	0	0	0	0	0	0	0	0	0	0	0	0	0	0	0	0	0	0	0	0	0	0	0	0	0	0	0	0	0	0	0	0	0	0	0	0	0	0	0	0	0	0	0	0	0	0	0	0	0	0
am0168	0	0	0	0	0	0	0	0	0	0	0	0	0	0	0	0	0	0	0	1	0	0	0	0	1	0	0	0	0	0	0	1	0	0	0	0	0	0	0	0	0	0	0	0	0	0	0	0	0	0	0	0	0	0	0	0	0	0	0	0	0	0	0	1	0	0	0	0	0	0	0	0	0	0	0	2	0	1	1	1	1	2	1	0
am0169	0	0	0	0	0	0	0	0	0	0	0	0	0	0	0	0	0	0	0	0	0	0	0	0	0	0	0	0	0	0	0	0	0	0	0	1	2	1	2	1	1	2	0	0	1	2	1	1	3	1	2	1	0	0	3	2	2	2	1	3	0	2	1	0	2	4	0	1	0	0	2	0	1	1	1	2	0	1	0	2	0	2	2	0
am0171	0	1	0	0	0	0	0	0	0	0	0	0	0	0	0	0	0	0	0	0	0	0	0	0	0	0	0	0	0	0	0	0	0	0	0	2	3	3	2	2	2	3	6	2	2	1	3	5	3	2	3	0	2	1	2	4	2	4	5	4	2	3	2	4	1	0	4	3	4	3	4	2	3	3	4	1	3	4	4	1	6	1	1	5
am0172	0	0	0	0	0	0	0	0	0	0	0	0	0	0	0	0	0	0	0	0	0	0	0	0	0	0	0	0	1	2	0	0	0	2	1	0	1	2	3	4	3	4	6	5	3	5	1	0	3	2	3	2	6	3	1	4	3	3	2	1	2	6	3	4	7	6	3	4	3	4	4	4	3	2	0	3	4	3	6	8	3	4	6	3
am0173	0	0	0	0	0	0	0	0	0	0	0	0	0	0	0	0	0	0	0	0	0	0	0	0	0	0	0	0	0	0	0	0	0	0	0	0	0	0	0	0	0	2	0	0	3	3	0	0	1	0	0	1	0	1	1	0	1	2	1	0	0	0	1	0	2	2	0	0	4	0	4	0	2	3	0	0	2	2	0	1	2	0	0	3
am0174	0	0	0	0	0	0	0	0	0	0	0	0	0	0	0	0	0	0	0	0	0	0	0	0	0	0	0	0	0	0	0	0	0	0	0	0	0	0	0	0	0	0	0	0	0	0	0	0	0	0	0	0	0	0	0	0	0	0	0	0	0	0	0	0	0	0	0	0	0	0	0	0	0	0	0	1	0	0	1	0	0	1	0	0
am0175	0	0	0	0	1	0	0	0	1	0	0	0	0	0	0	1	0	0	0	2	0	0	1	0	0	1	0	0	0	0	2	0	2	1	2	0	0	0	1	0	0	0	0	0	0	0	0	0	0	0	0	0	0	0	0	0	0	0	0	0	0	0	0	1	0	0	0	0	0	0	0	0	0	0	0	0	0	0	0	0	0	0	0	0
am0176	0	0	0	0	0	0	0	0	0	0	0	0	0	0	0	0	0	0	0	0	0	0	0	0	0	0	0	0	0	0	0	0	0	0	0	0	0	0	0	0	0	0	0	0	0	0	0	0	0	0	0	0	0	0	0	0	0	0	0	0	0	0	0	0	0	0	0	0	0	0	0	0	0	0	0	0	0	0	0	0	0	0	0	0
am0177	0	0	0	0	0	0	0	0	0	0	0	0	0	0	0	0	0	0	0	0	0	0	0	0	0	0	0	0	0	0	0	0	0	0	0	0	0	0	0	1	0	0	1	0	0	0	0	0	1	0	0	0	0	0	2	1	0	0	0	0	1	1	0	1	1	1	1	1	1	1	1	1	0	1	1	2	1	2	2	2	1	3	2	0
am0178	0	0	0	0	0	0	0	0	0	0	0	0	0	0	0	0	0	0	0	0	0	0	0	0	0	0	0	0	0	0	0	0	0	0	0	0	0	0	0	0	0	0	0	0	0	0	0	0	0	0	0	0	0	0	0	0	0	0	0	0	0	0	0	0	0	0	0	0	0	0	0	0	0	0	0	0	0	0	0	0	0	0	0	0
am0179	0	0	0	0	0	0	0	0	0	0	0	0	0	0	0	0	0	0	0	0	0	0	0	0	0	0	0	0	0	0	0	0	0	0	0	0	1	0	0	0	0	0	0	0	0	0	0	0	0	0	1	0	0	0	0	0	0	0	0	0	0	0	0	0	0	1	0	0	0	1	0	0	0	0	0	0	0	0	0	0	0	0	0	0
am0180	0	0	0	0	0	0	0	0	0	0	0	0	0	0	0	0	0	0	0	0	0	0	0	0	0	0	0	0	0	0	0	0	0	0	0	0	0	0	0	0	0	0	0	0	0	0	0	0	0	0	0	0	0	0	0	0	0	0	0	0	0	0	0	0	0	0	0	1	0	1	0	1	0	0	0	0	1	2	0	0	2	0	0	2
am0181	0	0	0	0	0	0	0	0	0	0	0	0	0	0	0	0	0	0	0	0	0	0	0	0	0	0	0	0	0	0	0	0	0	0	0	0	0	1	2	3	2	1	2	3	1	0	0	0	3	3	0	0	1	0	4	1	2	1	1	2	2	3	1	1	3	1	2	1	1	3	2	3	3	2	1	2	1	3	1	5	2	4	5	1
am0182	0	0	0	0	0	0	0	0	0	0	0	0	0	0	0	0	0	0	0	0	0	0	0	0	0	0	0	0	0	0	0	0	0	0	0	0	0	0	0	0	0	3	0	0	0	0	0	1	1	0	0	0	0	4	0	1	1	2	1	0	0	0	0	0	0	0	0	0	1	0	1	0	1	0	0	0	0	1	0	2	2	0	1	4
am0183	0	0	0	0	0	0	0	0	0	0	0	0	0	0	0	0	0	0	0	0	0	0	0	0	0	0	0	0	0	0	0	0	0	0	0	1	0	0	0	0	1	0	1	1	0	1	1	0	1	2	0	1	1	1	1	0	0	0	1	0	1	0	1	1	0	0	1	0	0	2	1	2	1	0	1	2	0	2	0	1	1	2	2	2
am0184	0	0	0	0	0	0	0	0	0	0	0	0	0	0	0	0	0	0	0	0	0	0	0	0	0	0	0	0	0	0	0	0	0	0	0	0	0	0	0	0	0	0	1	2	0	0	0	0	0	0	0	0	2	0	1	0	0	0	0	0	0	0	0	1	0	3	1	0	1	0	2	0	1	1	0	0	0	1	0	0	1	0	0	3
am0185	0	0	0	0	0	0	0	0	0	0	0	0	0	0	0	0	0	0	0	0	0	0	0	0	0	0	0	0	0	0	0	0	0	0	0	0	0	0	0	0	0	0	0	0	0	0	0	0	0	1	0	0	0	0	0	0	0	0	0	0	0	0	0	0	0	0	0	0	0	1	0	1	0	0	0	0	0	0	0	1	0	1	2	0
am0186	0	0	0	0	0	0	0	0	0	0	0	0	0	0	0	0	0	0	0	0	0	0	0	0	0	0	0	0	0	0	0	0	0	0	0	0	0	2	0	2	0	2	0	1	0	1	0	2	0	0	0	1	1	0	0	2	1	2	2	0	0	3	1	1	2	1	2	0	0	1	2	1	2	0	2	0	0	0	0	0	0	0	0	0
am0187	0	0	0	0	0	0	0	0	0	0	0	0	0	0	1	0	0	0	0	0	1	0	0	0	0	1	0	0	0	0	0	0	0	0	0	2	1	0	0	0	0	1	4	3	2	0	3	0	2	1	3	2	3	2	4	0	0	3	0	0	2	0	1	3	0	1	2	2	3	1	1	1	1	2	1	2	2	4	2	4	5	3	5	6
am0188	0	0	0	0	0	0	0	0	0	0	0	0	0	0	0	0	0	0	0	0	0	0	0	0	0	0	0	0	0	0	0	0	0	0	0	2	0	0	1	1	0	1	1	0	1	0	2	0	1	4	0	0	0	0	2	2	2	0	0	1	2	2	0	0	1	0	0	2	1	0	1	0	1	1	2	1	1	2	0	2	3	1	2	5
am0189	0	0	0	0	0	0	0	0	0	0	0	0	0	0	0	0	0	0	0	0	0	0	0	0	0	0	0	0	0	1	0	0	0	0	0	0	0	0	0	1	0	0	0	1	0	0	0	0	0	0	0	0	2	0	0	1	0	0	0	0	0	1	0	2	0	0	2	0	0	0	0	0	0	0	1	0	0	0	0	0	0	0	0	2
am0190	0	0	0	0	0	0	0	0	0	0	0	0	0	0	0	0	0	1	0	0	0	0	1	0	0	0	2	1	0	0	3	0	0	0	0	0	0	0	0	0	0	0	0	0	0	0	0	0	0	0	0	0	0	0	0	0	0	0	0	0	0	0	0	0	0	0	0	0	0	0	0	0	0	0	0	2	0	0	1	0	0	1	0	0
am0192	0	0	0	0	0	0	0	0	0	0	0	0	0	0	0	0	0	0	0	0	0	0	0	0	0	0	0	0	0	0	0	0	0	1	1	0	0	0	0	0	0	0	0	0	0	0	0	0	0	0	0	0	0	0	0	0	0	0	0	0	0	0	0	0	0	0	0	0	0	0	0	0	0	0	0	0	0	0	0	0	0	0	0	2
am0194	0	0	0	0	0	0	0	0	0	0	0	0	0	0	0	0	0	0	0	0	0	0	0	0	0	0	0	0	0	0	0	0	0	0	0	0	0	0	0	0	0	0	0	0	0	0	0	0	0	0	0	0	0	0	0	0	0	0	0	0	0	0	0	0	0	0	0	0	0	0	0	0	0	0	0	0	0	0	0	0	0	0	0	0
am0195	0	0	0	0	0	0	0	0	0	0	0	0	0	0	1	0	0	0	0	0	0	0	0	0	0	1	0	0	0	0	0	0	0	1	1	0	0	0	1	0	0	0	0	0	0	0	0	0	0	0	0	0	0	0	0	0	0	0	0	0	0	0	0	0	0	0	0	0	0	0	0	0	0	0	0	0	0	1	0	0	1	0	0	0
am0196	0	0	0	0	0	0	0	0	0	0	0	0	0	0	0	0	0	0	0	0	0	0	0	0	0	0	0	0	0	0	0	0	0	0	0	0	4	0	0	0	0	0	0	0	0	0	0	0	0	0	4	1	0	0	0	1	0	0	0	0	0	1	0	1	0	0	1	1	2	3	0	0	0	2	0	1	1	0	1	0	0	2	1	0
am0197	0	0	0	0	0	0	0	0	0	0	0	0	0	1	0	1	0	0	0	0	0	0	1	0	0	1	1	0	0	0	1	0	0	1	1	0	0	0	1	0	0	2	1	0	2	1	0	1	0	1	0	1	0	0	0	0	1	2	1	0	0	0	0	0	2	2	0	1	0	0	0	1	1	2	2	3	1	0	1	1	2	3	1	2
am0198	0	0	0	0	0	0	0	0	0	0	1	0	0	0	0	0	0	1	2	0	0	0	0	0	0	0	0	0	0	0	0	2	0	0	0	0	1	0	0	0	0	1	0	0	0	0	0	0	2	0	1	0	0	0	3	0	0	1	0	0	1	0	0	0	0	0	1	0	0	1	0	1	0	0	0	3	1	2	3	2	0	0	2	1
am0199	0	0	0	0	0	0	0	0	0	0	0	0	1	0	0	0	0	0	0	0	0	0	0	0	0	0	1	0	1	0	0	0	0	0	0	0	0	0	0	1	0	1	0	0	0	0	0	0	2	1	0	0	0	2	0	0	2	1	2	0	1	1	1	0	1	0	0	0	0	1	1	1	3	0	0	0	0	4	0	3	5	0	4	3
am0200	0	0	0	0	0	0	0	0	0	0	0	0	0	0	0	0	0	0	0	0	0	0	0	0	0	0	0	0	0	0	0	0	0	0	0	1	0	0	1	0	0	0	1	0	0	0	1	0	0	1	0	0	1	0	0	0	1	0	0	1	0	0	0	0	0	0	1	0	0	0	1	0	1	0	1	0	0	1	1	2	1	1	3	0
am0201	0	0	0	0	0	0	0	0	0	0	0	0	0	0	0	0	0	0	0	0	0	0	0	0	0	0	0	0	0	0	0	0	0	0	0	0	0	0	1	0	0	0	0	0	0	0	0	1	0	0	0	0	0	0	0	0	1	0	1	0	1	0	0	0	0	0	0	0	0	0	0	0	1	0	0	0	0	0	0	0	0	0	0	0
am0202	0	0	0	0	0	0	0	0	0	0	0	0	0	0	0	0	0	0	0	0	0	0	0	0	0	0	0	0	0	0	0	0	0	0	0	0	0	0	0	0	0	0	0	0	0	1	0	0	0	0	0	1	0	0	0	0	0	0	0	0	0	0	0	0	0	0	0	0	0	0	0	0	0	1	0	0	0	0	0	0	0	0	0	0
am0203	0	0	0	0	0	0	0	0	0	0	0	0	0	0	0	0	0	0	0	0	0	0	0	0	0	0	0	0	0	1	0	0	1	2	2	0	0	0	2	0	1	0	0	0	0	0	1	1	0	0	0	1	0	0	1	0	0	0	0	1	0	0	0	0	0	1	1	0	0	0	0	0	0	0	1	1	0	1	1	1	1	0	1	1
am0204	0	0	0	0	0	0	0	0	0	0	0	0	0	0	0	0	0	0	0	0	0	0	0	0	0	0	0	0	0	0	0	0	0	0	0	0	0	0	0	0	0	0	0	0	0	0	0	0	0	0	0	0	0	0	2	0	0	0	0	0	0	0	0	0	0	0	0	1	0	0	0	0	0	0	0	1	1	3	1	1	4	0	2	2
am0205	0	0	0	0	0	0	0	1	0	0	1	0	0	0	0	0	0	0	0	0	1	0	0	0	1	0	0	1	0	0	1	1	1	0	0	0	1	0	0	0	0	1	0	0	0	0	0	1	1	1	1	1	0	2	1	0	1	0	2	0	1	0	3	0	0	1	1	0	0	1	0	1	1	1	1	0	0	1	0	1	0	0	1	0
am0206	0	0	0	0	0	0	0	0	1	0	0	0	0	0	0	0	0	0	1	0	0	0	0	0	0	0	0	0	0	0	0	0	0	0	0	0	1	0	0	0	1	0	0	0	0	1	0	0	3	1	1	0	0	0	4	1	0	0	0	1	1	0	0	0	0	1	0	5	0	1	1	3	1	0	0	2	3	1	1	3	1	3	3	2
am0207	0	0	0	0	0	0	0	0	0	1	0	0	2	0	0	0	0	0	0	0	1	0	0	0	0	0	1	0	0	0	0	0	1	1	0	0	2	1	1	2	0	3	0	0	1	1	0	1	0	0	2	2	0	3	2	0	0	1	0	0	1	2	1	0	3	2	0	6	2	3	1	4	1	4	0	0	6	2	2	1	1	0	1	3
am0208	0	0	0	0	0	0	0	0	0	0	0	0	0	0	0	0	0	0	0	0	0	0	0	0	0	0	0	0	0	0	0	0	0	0	0	1	1	1	0	1	0	1	1	1	0	1	1	1	0	1	2	3	0	1	0	1	0	1	0	0	0	0	0	0	0	1	0	1	2	1	2	6	1	2	1	0	2	1	1	1	1	0	1	0
am0209	0	0	0	0	0	0	0	0	0	0	0	0	0	0	0	0	0	0	0	0	0	0	0	0	0	0	0	0	0	0	0	0	0	0	0	0	0	0	0	0	1	0	0	0	0	1	0	0	0	1	0	1	0	0	1	0	0	0	0	1	1	0	0	0	0	0	0	0	0	0	0	0	0	0	0	0	0	3	0	2	2	1	2	1
am0210	0	0	0	0	0	0	0	0	0	0	0	0	0	0	1	0	0	0	0	0	2	0	0	0	0	1	0	0	1	0	0	0	3	1	0	0	0	1	1	0	1	0	0	0	0	0	0	0	0	0	0	0	0	1	0	0	0	1	1	0	0	0	2	0	0	0	1	1	1	1	0	2	0	0	1	0	0	0	0	0	0	2	2	0
am0211	0	0	0	0	0	0	0	0	0	0	0	0	0	0	0	1	0	0	0	1	1	0	0	0	1	0	0	0	0	0	0	1	1	2	1	0	0	0	1	1	0	0	0	0	0	0	0	0	0	0	0	0	0	0	0	1	0	0	0	0	0	1	0	0	0	0	0	0	0	0	1	0	0	0	0	0	0	0	0	0	0	0	0	0
am0212	0	0	0	0	0	0	0	0	0	0	0	0	0	0	0	0	0	0	0	0	0	0	0	0	0	0	0	0	0	0	0	0	0	0	0	0	0	2	0	1	1	0	0	0	0	0	0	1	0	0	0	0	0	0	0	0	1	0	0	0	0	1	0	0	1	0	0	0	1	0	1	0	2	1	0	0	0	0	0	0	0	0	0	0
am0213	0	0	0	0	0	0	0	0	0	0	0	0	0	0	0	0	0	0	0	0	0	0	0	0	0	0	0	0	0	0	0	0	0	0	0	0	0	0	0	0	0	0	0	0	0	0	0	0	0	1	0	0	0	0	0	0	0	0	0	0	0	0	0	0	0	0	0	0	0	0	0	0	0	0	0	0	0	0	0	1	0	0	1	0
am0214	0	0	0	0	0	0	0	0	0	0	0	0	0	0	0	0	0	0	0	0	0	0	0	0	0	0	0	0	0	0	0	0	0	0	0	0	0	0	0	0	1	2	0	0	1	0	0	0	0	0	0	0	0	1	0	0	0	1	0	1	0	0	0	0	1	0	0	0	0	2	0	1	0	0	0	0	2	0	2	0	0	1	1	3
am0215	0	0	0	0	0	0	0	0	0	0	0	0	0	0	0	0	0	0	0	0	0	0	0	0	0	0	0	0	0	3	0	0	0	0	0	0	0	0	0	0	0	0	0	0	0	0	0	0	0	0	0	0	0	0	0	0	0	0	0	0	0	0	0	4	0	0	2	0	0	1	0	1	0	0	1	1	0	1	0	1	1	2	2	0
am0216	0	0	0	0	0	0	0	0	0	0	0	0	0	0	0	0	0	0	0	0	0	0	0	0	0	0	0	0	0	0	0	0	1	1	0	1	0	0	3	2	0	1	3	2	4	0	1	1	1	1	0	0	0	0	1	1	3	1	1	0	1	2	1	0	3	0	0	0	1	0	3	0	1	1	0	0	0	0	0	0	1	2	0	1
am0217	0	0	0	0	0	0	0	0	0	0	0	0	0	0	0	0	0	0	0	0	0	0	0	0	0	0	0	0	0	0	0	0	0	0	0	0	1	2	0	0	1	3	0	0	1	0	0	1	1	0	1	1	0	2	1	1	0	2	0	1	1	1	0	0	1	1	0	0	6	3	0	0	0	5	0	3	0	1	1	4	1	1	3	1
am0218	0	0	0	0	0	0	0	0	0	0	0	0	0	0	0	0	0	0	0	0	0	0	0	0	0	0	0	0	0	0	0	0	0	0	0	0	1	0	0	0	0	0	0	0	0	2	0	0	0	1	1	2	0	0	1	0	0	1	0	0	1	0	0	0	0	1	0	0	1	2	0	3	0	2	0	0	0	1	0	1	2	0	1	3
am0219	0	0	0	0	0	0	0	0	0	0	0	0	0	0	0	0	0	0	0	0	0	0	0	0	0	0	0	0	0	0	0	0	0	0	0	0	0	0	0	0	0	1	0	1	0	1	0	0	1	3	0	0	1	1	3	2	0	0	2	0	1	1	2	1	0	2	1	2	1	2	1	3	0	1	0	4	4	4	4	1	3	6	5	2
am0220	0	0	0	0	0	0	0	0	0	0	0	0	0	0	0	0	0	0	0	0	0	0	0	0	0	0	0	0	0	0	0	0	0	0	0	0	0	0	0	0	0	0	0	1	1	2	0	0	1	1	0	1	2	0	1	0	0	1	0	0	2	0	0	1	1	2	2	0	1	0	1	0	2	0	1	0	0	0	0	0	0	0	0	0
am0221	0	0	0	0	0	0	0	0	0	0	0	0	0	0	0	0	0	0	0	0	1	0	0	0	0	0	0	0	1	0	0	0	1	1	2	0	0	1	1	0	1	0	0	0	0	0	0	0	0	0	1	1	0	1	0	0	0	0	0	0	0	0	1	0	0	0	0	0	0	0	0	0	0	0	0	0	0	0	0	0	0	1	0	0
am0222	0	0	0	0	0	0	0	0	0	0	0	0	0	0	0	0	0	0	0	0	0	0	0	0	0	0	0	0	0	0	0	0	0	0	0	0	0	0	0	0	0	0	0	1	0	0	0	0	0	0	0	0	1	0	0	0	0	0	0	0	0	0	0	0	0	0	0	0	0	0	0	0	0	0	0	0	0	0	0	0	0	0	0	0
am0223	0	0	0	0	0	0	0	0	0	0	0	0	0	0	0	0	0	0	0	0	0	0	0	0	0	0	0	0	0	0	0	0	0	0	0	1	1	2	3	0	1	1	0	0	0	0	1	0	0	0	1	0	0	0	0	0	3	3	2	2	1	0	2	0	0	1	0	0	2	0	0	0	1	1	1	5	0	1	2	1	1	5	2	0
am0224	0	0	0	0	0	0	0	0	0	0	0	0	0	0	0	0	0	0	0	0	0	0	0	0	0	0	0	0	0	0	0	0	0	0	0	0	1	0	1	0	0	0	0	1	0	1	0	0	0	0	1	1	1	0	0	0	1	0	1	1	0	0	1	0	0	0	1	0	0	1	0	0	0	0	1	1	0	0	1	0	0	0	0	1
am0225	0	0	0	0	0	0	0	0	0	1	0	0	3	1	1	0	0	1	0	1	0	0	1	0	0	1	2	2	1	0	0	0	0	0	0	0	0	1	0	1	1	0	0	0	0	0	0	2	0	0	0	0	0	0	0	1	0	1	2	1	0	1	1	2	1	0	0	0	0	0	1	0	0	0	0	0	3	0	3	1	0	0	1	0
am0226	0	0	0	0	0	0	0	0	0	0	0	0	0	0	0	0	0	0	0	0	0	0	0	0	0	0	0	0	0	0	0	0	0	0	1	0	0	0	0	0	0	0	0	0	0	0	0	0	0	0	1	1	0	0	0	0	0	0	0	0	0	0	0	0	0	0	0	1	0	0	0	1	0	0	0	0	0	0	0	0	0	0	0	0
am0227	0	0	0	0	0	0	0	0	0	0	0	0	0	0	0	0	0	0	0	0	0	0	0	0	0	0	0	0	0	0	0	0	0	0	0	0	0	0	0	0	0	0	0	0	0	0	0	0	0	1	0	0	0	0	0	0	0	0	0	0	1	0	0	0	0	0	0	0	0	0	0	0	0	0	0	0	0	0	0	0	0	0	0	0
am0228	0	0	0	0	0	0	0	0	0	2	1	0	0	1	1	0	0	1	0	1	1	0	1	0	0	0	0	0	1	0	0	0	1	1	2	0	0	0	1	0	1	0	1	0	1	0	0	0	0	0	0	0	1	0	0	0	0	0	1	1	0	0	1	2	0	0	2	0	0	0	0	0	0	0	1	0	0	0	0	0	2	0	0	2
am0229	0	0	0	0	0	0	0	0	0	0	0	0	0	0	0	0	0	0	0	0	0	0	0	0	0	0	0	0	0	0	0	0	0	0	0	0	0	0	0	1	0	0	0	0	1	0	0	0	0	1	0	0	0	0	0	0	0	0	0	0	0	1	0	0	2	0	0	0	0	0	0	0	0	0	0	0	0	0	0	1	0	0	1	0
am0230	0	0	0	0	0	0	0	0	0	0	0	0	0	0	0	0	0	0	0	0	0	0	0	0	0	0	0	0	0	0	0	0	0	0	0	0	0	1	0	0	1	0	0	0	0	0	0	1	1	0	0	0	0	0	1	0	0	0	0	1	0	0	0	0	0	1	0	0	1	0	0	0	0	2	0	0	0	1	0	1	2	0	1	0
am0231	0	0	0	0	0	0	0	0	0	1	0	0	0	1	1	0	0	0	1	0	0	0	0	0	2	0	1	1	0	0	1	3	0	1	1	0	0	2	0	1	0	0	0	0	0	0	0	2	3	1	0	1	0	0	1	0	0	0	0	0	0	1	0	1	1	0	0	2	0	0	1	1	0	1	0	1	4	0	6	5	1	0	3	1
