	0	1	2	3	4	5	6	7	8	9	10	11	12	13	14	15	16	17	18	19	20	21	22	23	24	25	26	27	28	29	30	31	32	33	34	35	36	37	38	39	40	41	42	43	44	45	46	47	48	49	50	51	52	53	54	55	56	57	58	59	60	61	62	63	64	65	66	67	68	69	70	71	72	73	74	75	76	77	78	79	80	81	82	83	84	85	86	87	88	89	90	91	92	93	94	95	96	97	98	99	100	101	102	103	104	105	106	107	108	109	110	111	112	113	114	115	116	117	118	119	120	121	122	123	124	125	126	127	128	129	130	131	132	133	134	135	136	137	138	139	140	141	142	143	144	145	146	147	148	149	150	151
am0001	0	0	0	0	0	0	0	0	0	0	0	0	0	0	0	0	0	0	0	0	0	0	0	0	0	0	0	0	0	0	0	0	0	0	0	0	0	0	0	0	0	0	0	0	0	0	0	0	0	1	0	0	0	0	0	0	0	0	0	0	0	0	0	0	0	0	0	0	0	0	0	0	0	0	0	0	0	0	0	0	0	0	0	1	0	0	0	0	0	0	0	0	0	0	0	0	0	0	0	0	0	0	0	0	0	0	0	0	0	0	0	0	0	0	0	0	0	0	0	0	0	0	0	0	0	0	0	0	0	0	0	0	0	0	0	0	0	0	0	0	0	0	0	0	0	0	0	0	0	0	0	0
am0002	0	0	0	0	0	0	0	0	0	0	0	1	0	0	0	0	0	0	0	0	0	0	0	1	0	1	0	0	0	0	0	0	0	0	0	0	0	0	1	0	0	2	0	0	0	0	0	0	0	2	0	0	0	0	0	0	0	0	0	0	0	0	0	0	0	0	0	0	0	0	0	0	0	0	0	0	0	0	0	0	0	0	0	2	0	0	0	0	0	0	0	0	0	1	0	0	0	0	0	0	0	0	0	0	0	0	0	0	0	0	0	0	0	0	0	0	0	0	0	0	0	0	0	0	0	1	0	0	0	0	1	0	0	0	1	0	1	1	0	0	0	0	1	0	1	0	0	0	1	0	0	0
am0003	0	0	0	0	0	0	0	0	0	0	0	0	0	0	0	0	0	0	0	0	0	0	0	0	0	0	0	0	0	0	0	0	0	0	0	0	0	0	0	0	0	0	0	0	0	0	0	0	0	0	0	0	0	0	0	0	0	0	0	0	0	0	0	0	0	0	0	0	0	0	0	0	0	0	0	0	0	0	0	0	0	0	0	1	0	0	0	0	0	0	0	0	0	0	0	0	0	0	0	0	0	0	0	0	0	0	0	0	0	0	0	0	0	1	0	0	0	0	0	0	0	0	0	0	0	0	0	1	0	0	0	0	0	2	0	0	0	0	0	0	0	0	0	0	0	0	1	1	0	0	0	0
am0004	0	0	0	0	0	0	0	0	0	0	0	0	0	0	0	1	0	1	0	1	0	0	0	0	0	0	0	0	0	0	0	2	0	0	0	0	0	0	0	0	0	0	0	0	0	0	0	0	0	0	0	0	0	0	0	1	0	0	0	0	0	0	0	0	0	0	0	0	0	0	0	0	0	0	0	0	0	0	0	0	0	0	0	2	0	0	0	0	0	0	0	0	0	0	0	0	0	0	0	0	0	0	0	0	0	0	0	0	0	0	0	0	0	0	0	0	0	0	0	0	0	0	0	0	0	0	0	0	0	0	0	0	0	0	0	0	0	0	0	0	0	0	0	0	0	0	0	0	0	0	0	0
am0005	0	0	0	0	0	0	0	0	0	0	0	0	0	0	0	0	0	0	0	0	0	0	0	0	0	0	0	0	0	0	0	0	0	0	0	0	0	0	0	0	0	0	0	0	0	0	0	0	0	0	0	1	1	0	0	0	0	0	0	0	0	0	0	0	0	0	0	0	0	0	0	0	0	0	0	0	0	0	0	2	0	0	0	0	0	0	0	0	0	0	0	0	0	0	0	2	0	0	0	0	0	1	0	0	0	0	0	0	0	0	0	2	1	0	0	0	0	0	0	0	0	0	0	1	0	0	0	0	0	3	0	0	0	0	0	0	0	0	0	0	0	0	0	0	0	0	1	1	0	0	0	0
am0006	0	0	0	0	0	0	0	0	0	0	0	0	0	0	0	0	0	0	0	0	0	0	0	0	0	0	0	0	0	0	0	0	0	0	0	0	0	0	0	0	0	0	0	0	0	0	0	0	0	0	0	0	0	0	0	0	0	0	0	0	0	0	0	0	0	0	0	0	0	0	0	0	0	0	0	0	0	0	0	0	0	0	0	0	0	0	0	0	0	0	0	0	0	0	0	0	0	0	0	0	0	0	0	0	0	0	0	0	0	0	0	0	0	0	0	0	0	0	0	0	0	0	0	0	0	0	0	0	0	0	0	0	0	0	0	0	0	0	0	0	0	0	0	0	0	0	0	0	0	0	0	0
am0007	0	0	0	0	0	0	0	0	0	0	0	0	0	0	0	0	0	0	0	0	0	0	0	0	0	0	0	0	0	0	0	0	0	0	0	0	0	0	0	0	0	0	0	0	0	0	0	0	0	0	1	0	0	0	0	0	0	0	0	0	0	1	0	0	0	0	0	2	0	0	0	0	0	0	0	0	0	1	0	0	0	0	0	0	0	0	0	0	0	0	0	0	0	0	0	0	0	0	0	0	0	0	0	0	0	0	0	0	0	0	0	0	0	0	0	0	1	0	0	0	0	0	0	0	0	1	0	0	0	2	0	1	0	0	0	0	0	0	0	0	0	0	0	0	0	0	0	0	0	0	0	1
am0008	0	0	0	0	0	0	0	0	0	0	0	0	0	0	0	1	0	0	0	0	0	0	0	0	0	0	0	0	0	0	0	0	0	0	0	0	0	0	0	0	0	0	0	0	0	0	0	0	0	0	0	0	0	1	0	0	0	0	1	0	0	0	0	0	0	0	0	0	0	0	0	0	0	0	0	0	0	0	0	0	0	1	0	0	0	0	0	0	0	0	0	0	0	0	0	0	0	0	0	1	0	0	0	0	0	0	1	0	0	0	0	0	0	0	1	0	0	0	0	0	0	0	0	0	0	0	0	0	0	0	0	0	0	0	0	0	1	1	0	1	1	0	0	0	0	0	0	0	0	0	0	1
am0009	0	0	0	0	0	0	0	0	0	0	0	0	0	0	0	0	0	0	0	0	0	0	0	0	0	0	0	0	0	0	0	0	0	0	0	1	0	0	0	0	0	0	0	0	0	0	0	0	0	0	0	0	0	0	0	0	0	0	0	0	0	0	0	1	0	1	0	0	0	0	0	0	0	0	1	0	0	0	0	0	0	0	0	0	0	0	0	1	0	0	0	0	0	0	0	0	0	0	0	0	0	0	0	1	0	0	0	0	0	0	0	0	0	0	0	0	1	0	0	0	0	0	0	0	0	0	1	0	0	0	0	1	1	2	0	0	0	0	0	0	0	0	0	0	0	1	0	0	0	0	1	1
am0010	0	0	0	0	0	0	0	0	0	0	0	0	0	0	0	0	0	0	0	0	0	0	0	0	0	0	0	0	0	0	1	1	0	0	0	0	0	0	0	0	0	0	0	0	0	1	0	0	0	0	0	0	2	0	1	1	0	0	0	0	0	0	0	0	0	0	0	1	0	0	0	0	0	0	0	0	0	0	4	0	0	0	0	0	0	0	0	0	0	1	0	0	0	0	0	0	0	0	0	0	0	0	0	0	0	0	3	0	0	0	0	0	0	0	0	0	0	0	1	0	0	1	0	0	0	0	0	0	0	0	0	0	0	0	0	0	0	0	0	0	0	0	1	0	1	0	1	1	1	0	0	1
am0011	0	0	0	0	0	0	0	0	0	0	0	0	0	0	0	0	0	0	0	0	0	0	0	0	0	0	0	0	0	0	0	0	0	2	0	1	0	0	0	0	0	0	1	0	0	0	0	0	0	0	0	0	3	0	0	0	0	0	0	0	0	0	0	0	0	0	1	0	0	1	0	0	0	0	0	1	1	0	0	0	0	0	0	0	0	0	0	0	0	0	0	0	0	0	0	0	0	0	0	0	0	0	0	1	0	0	0	0	0	0	0	2	0	1	0	0	1	0	0	0	0	0	0	0	0	0	0	2	0	1	0	1	0	2	0	0	0	0	0	0	0	0	0	2	0	0	0	0	0	2	2	3
am0012	0	0	0	0	0	0	0	0	0	0	0	0	0	0	0	0	0	0	0	0	0	0	0	0	0	0	0	0	0	0	0	0	0	0	0	0	0	0	0	0	0	0	0	0	0	0	0	0	0	0	0	0	0	0	2	0	0	2	0	0	0	0	0	0	1	0	0	0	0	0	0	0	0	0	0	0	0	0	0	0	0	0	0	0	0	0	0	0	0	0	0	0	0	1	0	0	0	0	0	0	0	0	0	0	0	1	2	0	0	0	0	0	0	0	1	0	1	0	0	0	0	0	0	0	2	1	0	0	0	0	1	1	0	0	1	0	0	0	0	0	0	0	0	0	0	0	0	0	2	0	0	1
am0013	0	0	0	0	0	0	0	0	0	0	0	0	0	0	0	0	0	1	0	0	1	1	0	0	0	1	0	0	0	0	0	1	0	0	0	0	0	0	0	0	0	1	0	0	0	0	0	0	0	0	0	0	0	0	0	0	0	0	0	0	0	0	0	0	0	0	0	0	0	0	0	0	0	0	0	0	0	0	0	0	0	0	0	0	0	2	0	0	0	0	0	0	0	0	0	0	0	0	0	0	0	0	0	0	0	1	0	0	1	0	2	0	0	0	0	0	0	0	1	0	0	0	0	0	0	0	0	0	0	0	0	0	0	0	0	0	0	0	0	0	0	0	1	0	2	0	0	0	0	2	2	0
am0014	0	0	0	0	0	0	0	0	0	0	0	0	0	0	0	0	0	0	0	0	0	0	0	1	0	0	0	0	0	0	0	0	0	0	1	0	0	0	0	2	0	4	0	0	0	0	0	1	2	1	0	3	0	0	1	0	0	1	0	3	1	2	1	0	0	0	1	3	3	0	0	2	2	0	1	1	0	0	1	0	1	1	1	5	0	0	0	1	0	1	0	2	1	1	0	3	1	1	2	0	1	1	3	1	2	1	1	1	2	1	0	0	1	2	1	2	1	0	0	0	1	1	2	2	0	2	0	2	1	0	0	1	2	1	2	2	1	1	2	2	2	0	3	2	2	0	2	2	2	5	5	2
am0015	0	0	0	0	0	0	0	0	0	0	0	0	1	0	1	1	1	1	0	0	0	0	5	2	0	1	2	1	0	1	0	0	0	0	0	0	0	1	0	0	2	8	1	0	0	0	0	1	1	1	0	0	0	0	0	0	0	0	0	0	2	1	1	0	0	0	0	0	2	0	1	3	1	0	0	0	0	1	0	0	0	0	0	9	0	0	0	3	0	0	0	0	0	0	0	0	0	0	1	0	0	0	0	0	1	0	0	1	2	0	2	0	0	0	0	1	0	0	3	0	0	0	3	0	0	1	0	0	0	0	1	1	1	0	0	0	0	3	1	0	0	0	4	0	3	0	0	0	1	0	0	0
am0016	0	0	0	0	0	0	0	0	0	0	0	0	0	0	0	0	0	0	0	0	0	0	0	0	0	0	1	0	1	1	0	0	1	0	0	1	1	0	0	1	1	0	3	0	1	1	0	0	0	0	0	0	1	0	0	1	0	0	0	1	0	0	0	0	0	1	0	1	0	0	0	0	1	0	1	2	0	0	0	1	0	1	1	0	0	0	0	2	0	0	1	0	0	1	0	0	1	0	1	1	0	0	2	2	0	3	1	1	1	0	1	1	0	1	1	0	2	1	0	0	0	0	1	0	2	4	2	1	0	1	3	3	2	0	4	0	1	0	1	1	1	1	0	0	0	2	0	0	5	1	1	3
am0017	0	0	0	0	0	0	0	0	0	0	0	0	0	0	0	0	0	0	0	0	0	0	0	0	0	0	1	0	0	0	0	0	0	0	0	0	0	0	0	0	2	0	0	0	0	0	0	0	0	1	0	0	0	0	0	0	0	0	0	0	0	1	0	0	0	0	0	0	0	0	0	0	0	0	0	0	0	0	0	0	0	0	0	1	0	0	0	0	0	0	0	3	0	0	0	0	0	0	0	0	0	0	0	0	2	0	0	0	0	0	0	0	0	0	1	3	1	0	0	0	0	0	0	0	1	0	0	0	0	0	0	1	0	0	0	0	0	0	0	0	0	1	0	3	0	2	0	0	0	1	2	2
am0018	0	0	0	0	0	0	0	0	0	0	0	0	0	0	1	0	0	0	0	0	0	0	1	0	0	0	0	0	0	0	1	1	0	0	0	1	2	1	0	0	0	1	0	0	0	1	0	0	0	0	1	0	0	0	0	1	1	0	0	0	2	1	1	0	0	0	2	0	0	2	1	0	1	0	2	0	1	1	0	0	0	0	0	0	0	2	1	3	2	1	0	0	1	0	0	0	1	0	1	0	0	0	3	2	1	0	0	0	0	1	1	0	0	0	1	2	1	0	1	0	2	1	0	0	0	1	0	0	0	0	0	0	0	0	0	0	1	1	0	0	0	1	1	1	1	1	0	0	0	1	2	4
am0019	0	0	0	0	0	0	0	0	0	0	0	0	0	0	0	0	0	0	0	0	0	0	0	0	0	0	0	0	0	0	0	0	0	0	0	0	0	0	0	0	0	0	0	0	0	0	0	0	0	0	0	0	0	0	0	0	0	0	0	0	0	0	0	0	0	0	0	0	0	0	0	0	0	0	0	0	0	0	0	0	0	0	0	0	0	0	0	0	0	0	0	0	0	0	0	0	0	0	0	0	0	0	0	0	0	0	0	0	0	0	0	0	0	0	0	0	0	0	0	0	0	0	0	0	0	0	0	0	0	0	0	0	0	0	0	0	0	0	0	0	0	0	0	0	0	0	0	0	0	0	0	0
am0020	0	0	0	0	0	0	0	0	0	0	0	0	0	0	0	0	0	0	0	0	0	0	1	0	0	0	0	0	0	0	0	0	0	0	0	0	0	0	1	0	0	3	0	0	0	0	0	0	0	0	0	0	0	0	0	0	0	0	0	0	0	0	0	0	0	0	0	0	0	0	0	0	0	0	0	0	0	0	0	0	0	0	1	0	0	0	0	0	0	0	1	0	0	0	0	0	0	0	0	0	0	0	0	0	0	0	0	1	0	0	0	0	0	1	0	0	0	0	0	0	0	0	1	0	0	0	0	0	1	0	0	0	1	0	0	0	0	1	2	0	0	0	1	0	1	0	0	0	0	0	0	0
am0021	0	0	0	0	0	0	0	0	0	0	0	0	0	0	0	3	0	4	1	1	0	0	0	0	0	0	2	0	0	2	1	2	0	0	0	1	0	0	0	0	3	1	0	0	0	1	0	0	0	3	0	0	0	0	0	3	0	0	1	0	1	0	0	0	0	1	0	2	1	0	0	0	0	0	0	0	0	0	0	0	0	1	0	3	0	1	0	1	0	0	0	0	0	0	0	0	2	0	0	1	0	0	0	0	0	0	2	0	1	1	1	0	0	1	0	0	1	0	1	0	0	0	0	0	0	0	1	0	0	0	0	0	0	1	0	0	0	0	0	0	0	0	0	0	1	2	1	1	0	1	1	2
am0022	0	0	0	0	0	0	0	0	0	0	0	0	0	2	0	0	0	0	0	0	0	0	1	2	0	1	0	0	0	3	0	0	1	0	0	0	0	0	0	0	5	1	0	1	0	0	0	0	0	6	0	0	0	0	0	0	0	0	0	0	1	1	0	0	0	1	0	0	0	0	0	0	0	0	0	0	0	0	2	0	0	0	0	4	0	0	0	0	0	0	0	0	1	2	0	0	1	0	0	0	0	0	0	0	0	1	0	0	0	1	0	0	0	0	1	0	7	0	0	0	0	0	0	0	2	0	1	0	0	0	0	5	0	0	2	0	0	0	0	0	0	0	0	0	0	1	0	0	1	2	3	5
am0023	0	0	0	0	0	0	0	0	0	0	0	0	0	0	0	0	0	0	0	0	0	0	0	0	0	0	0	0	0	0	0	0	0	0	0	0	0	0	0	0	0	0	0	0	0	0	0	0	0	0	0	0	0	0	0	0	0	0	0	0	0	0	0	0	0	0	0	0	0	0	0	0	0	0	0	0	0	0	0	0	0	0	0	1	0	0	0	0	0	0	0	0	0	0	0	0	0	0	0	0	0	0	0	0	0	0	0	0	0	0	0	0	0	0	0	0	0	0	0	0	0	0	0	0	0	0	0	0	0	0	0	0	0	0	0	0	0	0	0	0	0	0	0	0	0	0	0	0	0	0	0	0
am0024	0	0	0	0	0	0	0	0	0	0	0	0	0	0	0	0	0	0	0	0	0	0	0	0	0	0	0	0	0	0	1	0	0	0	0	0	0	1	1	0	0	0	0	0	0	1	0	1	0	0	0	0	0	0	0	0	0	0	0	0	1	1	0	0	0	0	0	1	0	2	1	1	0	1	1	0	0	1	0	0	2	0	0	0	0	2	0	0	0	0	1	0	1	1	0	0	0	0	0	0	2	1	0	1	1	1	0	0	0	0	0	0	0	0	0	2	1	0	0	0	0	0	0	0	0	0	0	0	0	0	0	1	0	0	2	3	0	0	0	0	0	0	1	2	3	0	0	0	0	2	1	2
am0025	0	0	0	0	0	0	0	0	0	0	0	0	0	0	0	0	0	0	0	0	0	0	0	0	0	0	0	0	0	0	0	0	0	0	0	0	0	0	0	0	0	0	0	0	0	0	0	0	0	3	0	0	0	0	0	0	0	0	0	0	0	0	0	0	0	0	0	0	0	0	0	0	0	0	0	0	0	0	0	0	0	0	0	3	1	0	0	0	0	0	0	0	0	0	2	0	0	1	0	0	0	0	0	0	0	0	0	0	0	0	0	0	0	0	0	0	0	0	0	0	0	0	0	0	0	0	0	0	0	0	0	0	0	0	0	0	0	0	0	0	0	0	0	0	0	0	0	0	0	0	0	0
am0026	0	0	0	0	0	0	0	0	0	0	0	0	0	1	0	0	0	0	0	0	0	0	0	1	0	0	0	0	1	0	0	0	1	0	1	0	0	0	0	0	0	0	0	1	2	0	0	0	0	0	0	0	0	0	0	0	0	0	0	0	0	0	0	0	0	0	2	0	0	0	0	0	0	0	0	0	0	0	0	0	0	0	0	1	0	0	0	1	2	0	0	0	1	2	0	0	0	0	0	0	0	1	1	0	1	0	0	0	0	0	0	0	0	0	0	1	1	0	0	1	0	0	0	0	0	0	0	0	0	0	0	0	1	0	1	0	0	0	0	0	0	0	0	0	0	0	0	0	1	0	0	1
am0027	0	0	0	0	0	0	0	0	0	0	0	0	0	0	0	0	0	0	0	0	0	0	0	0	0	0	0	0	1	0	0	0	2	0	0	0	0	0	0	0	0	0	0	1	0	0	0	0	0	0	0	0	0	0	0	0	0	0	0	0	0	0	0	0	0	1	0	0	0	0	0	0	0	0	1	0	0	0	0	0	0	0	0	0	0	0	0	0	0	0	0	0	0	0	0	0	1	0	0	0	0	0	0	3	0	0	0	0	0	2	0	1	0	0	0	0	0	0	1	0	0	0	0	0	0	0	1	0	0	1	0	0	0	0	0	0	0	0	0	1	1	0	0	0	0	0	1	0	0	3	3	0
am0028	0	0	0	0	0	0	0	0	0	0	0	0	0	0	0	0	0	0	0	0	0	0	0	1	0	0	0	0	0	0	0	0	0	0	0	0	0	0	0	0	0	0	0	0	0	0	0	0	0	0	0	0	2	0	0	0	0	0	0	0	0	0	0	0	0	0	0	0	0	0	0	0	0	0	0	0	0	0	0	0	0	0	0	0	0	0	0	0	0	1	0	0	0	0	0	0	0	0	0	0	0	0	0	0	0	0	0	0	0	0	0	2	0	0	0	0	0	0	1	0	0	0	0	0	0	0	0	0	0	0	0	0	0	0	0	0	0	0	0	0	0	0	0	0	0	0	2	2	0	0	0	0
am0029	0	0	0	0	0	0	0	0	0	0	0	0	0	0	0	0	0	0	0	0	0	0	2	0	0	0	0	0	0	0	0	0	0	0	0	0	0	0	0	0	0	0	0	0	0	0	0	0	0	0	0	0	0	0	0	0	0	0	0	0	0	0	0	0	0	0	0	0	0	0	0	0	0	0	0	0	0	0	0	0	0	0	0	0	0	0	0	0	0	0	0	0	0	0	0	0	0	0	0	0	0	0	0	0	0	0	0	0	0	0	0	0	0	0	0	0	0	0	0	0	0	0	0	0	0	0	0	0	0	0	0	0	0	0	0	0	0	0	0	0	0	0	0	0	0	0	0	0	0	0	0	0
am0030	0	0	0	0	0	0	0	0	0	0	1	0	1	0	0	0	0	1	1	1	0	0	1	0	0	0	1	0	0	1	1	0	0	0	0	0	0	1	1	1	0	2	0	0	0	0	0	0	0	1	0	0	2	0	2	0	0	1	0	0	0	0	0	0	1	1	0	0	0	0	1	0	0	0	0	0	0	0	0	0	0	1	0	1	0	1	0	0	0	0	1	0	0	0	0	0	0	0	0	0	0	0	1	0	0	0	1	0	0	1	0	4	0	0	1	0	0	2	0	0	1	1	0	0	3	0	2	0	2	2	1	0	1	0	0	0	2	2	1	1	1	1	2	0	3	1	0	0	2	0	0	2
am0031	0	0	0	0	0	0	0	0	0	0	0	0	0	0	0	0	0	0	0	0	0	0	0	0	0	0	0	0	0	0	0	0	0	0	0	0	0	0	0	0	0	2	0	0	0	2	0	0	0	0	1	0	0	0	1	0	0	0	2	0	0	0	0	0	0	0	2	2	0	0	1	0	1	0	0	0	0	0	0	0	0	1	0	2	0	0	0	0	0	0	0	0	0	3	0	0	0	0	1	2	0	0	1	0	0	3	2	0	0	0	0	0	0	0	0	0	0	0	0	0	0	0	0	0	0	1	0	0	0	0	0	0	0	0	3	0	0	0	0	0	0	0	1	0	1	0	0	0	0	0	0	3
am0039	0	0	0	0	0	0	0	0	0	0	0	0	0	0	0	1	0	0	0	0	0	0	0	0	0	0	1	0	0	0	0	0	0	0	0	0	0	0	0	0	0	0	0	0	0	0	0	0	0	0	0	0	0	0	0	0	0	0	0	0	0	0	0	0	0	0	0	0	0	0	0	0	0	0	0	0	0	0	0	0	0	0	0	0	0	0	0	0	0	0	0	0	0	0	0	0	0	0	0	0	0	0	0	0	0	0	0	0	0	0	0	0	0	0	0	0	0	0	0	0	0	0	0	0	0	0	0	0	0	0	0	0	0	0	0	0	0	0	0	0	0	0	0	0	0	0	0	0	0	0	0	0
am0051	0	0	0	0	0	0	0	0	0	0	0	0	0	0	0	0	0	0	0	0	0	0	0	0	0	0	1	0	1	0	0	0	1	1	1	0	0	0	0	0	0	0	0	0	1	0	1	0	0	0	0	0	1	1	0	0	0	0	0	0	0	0	0	0	0	0	0	0	0	0	0	0	2	0	0	1	0	0	0	0	0	0	0	0	0	0	0	0	0	0	0	0	0	0	1	2	0	1	2	0	1	0	1	1	0	0	0	0	0	0	0	0	0	0	0	0	0	0	0	0	0	0	0	0	0	2	0	0	0	0	0	0	0	0	0	2	2	2	0	0	0	0	0	2	0	1	0	0	0	1	2	0
am0052	0	0	0	0	0	0	0	0	0	0	0	0	0	0	0	0	0	0	0	0	0	0	0	0	0	0	0	0	0	0	0	0	0	0	0	0	0	0	0	0	0	0	0	0	0	0	0	0	0	0	0	0	0	0	0	0	0	0	0	0	0	0	0	0	0	0	0	0	0	0	0	0	0	0	0	0	0	0	0	0	0	0	0	0	0	0	0	0	0	0	0	0	0	0	0	0	0	0	0	0	0	0	1	0	0	0	0	0	0	1	0	0	0	0	0	0	0	0	0	0	0	0	0	0	0	0	0	1	0	2	0	0	0	1	0	0	0	0	0	0	0	0	0	0	0	0	0	0	0	0	0	0
am0053	0	0	0	0	0	0	0	0	0	0	0	0	0	0	0	0	0	0	0	0	0	0	0	0	0	0	0	0	0	1	0	0	0	0	0	0	0	0	0	0	0	0	0	0	0	0	0	0	0	1	0	0	0	0	0	0	0	0	0	0	0	0	0	0	0	0	0	0	0	0	0	0	0	0	0	0	0	0	0	0	0	0	0	0	0	0	0	0	0	0	0	0	0	0	0	0	0	0	0	0	0	0	0	0	0	0	0	0	0	0	0	0	0	0	0	0	0	0	0	0	0	0	0	0	0	0	0	0	0	0	0	0	0	0	0	0	0	0	0	0	0	0	0	0	0	0	0	0	0	0	0	0
am0054	0	0	0	0	0	0	0	0	0	0	0	0	0	0	0	0	0	0	0	0	0	0	0	0	0	0	0	0	0	0	0	0	0	0	0	0	0	0	0	0	0	0	0	0	0	0	0	0	0	0	0	0	0	0	0	0	0	0	0	0	0	0	0	0	0	0	0	0	0	0	0	0	0	0	0	0	0	0	0	0	0	0	0	0	0	0	0	0	0	0	0	0	0	0	0	0	0	0	0	0	0	0	0	0	0	0	0	0	0	0	0	0	0	0	0	0	0	0	0	0	0	0	0	0	0	0	0	0	0	0	0	0	0	0	0	0	0	0	0	0	0	0	0	0	0	0	0	0	0	0	0	0
am0055	0	0	0	0	0	0	0	0	0	0	0	0	0	0	0	0	0	0	0	0	0	0	0	0	0	0	1	0	0	0	0	0	0	0	0	0	0	0	1	0	0	2	0	0	0	0	0	0	0	0	0	0	2	0	0	0	0	0	0	0	0	0	0	0	1	0	0	0	0	0	0	0	0	0	1	0	0	0	0	1	0	0	0	0	0	0	0	0	0	0	0	0	0	1	0	0	0	0	0	0	0	0	0	1	0	2	0	0	0	0	0	4	0	0	0	0	0	1	0	0	0	0	0	0	0	0	0	0	1	3	0	0	0	0	1	0	1	1	0	0	0	0	0	0	0	0	0	0	1	0	0	0
am0056	0	0	0	0	0	0	0	0	0	0	0	0	1	0	1	2	1	0	2	2	0	0	2	1	0	2	2	2	0	3	1	3	1	0	0	1	0	2	2	2	1	2	4	1	0	1	0	1	5	4	2	2	1	0	1	4	2	0	0	1	3	2	6	3	0	1	0	2	3	0	1	1	2	1	2	3	5	0	4	1	3	1	1	2	0	0	1	1	0	0	3	3	1	1	1	2	1	1	2	0	4	1	0	1	4	2	0	4	3	1	4	2	0	3	1	3	1	3	3	2	1	1	4	4	3	1	5	4	3	1	1	0	4	6	3	1	4	2	4	1	1	3	0	1	0	5	5	4	6	1	1	5
am0057	0	0	0	0	0	0	0	0	1	0	0	0	2	0	0	1	0	1	0	0	0	0	0	0	0	0	0	0	0	0	0	0	0	0	0	0	0	0	1	3	0	2	0	0	0	0	2	0	0	0	2	3	1	5	1	0	0	0	3	0	0	0	0	0	2	1	1	0	0	2	1	0	1	0	0	1	1	0	0	1	1	6	0	0	0	0	0	1	1	2	0	0	3	1	0	0	1	0	2	4	1	0	3	0	0	3	1	0	0	0	0	1	0	0	2	1	1	0	0	0	0	1	0	0	2	1	3	0	0	1	2	2	1	0	3	1	3	2	0	3	2	2	2	2	2	3	1	1	0	3	3	5
am0058	0	0	0	0	0	0	0	0	0	1	0	0	0	0	0	0	1	0	0	1	0	0	0	0	0	0	0	0	0	0	0	0	1	0	0	0	0	0	0	0	0	0	1	1	0	0	0	0	1	0	0	0	0	0	0	0	0	0	0	0	0	0	0	0	0	0	0	0	1	0	0	0	0	2	0	1	1	1	0	0	1	0	0	0	0	0	0	0	0	1	1	2	0	0	0	0	0	0	0	0	1	0	0	0	3	0	0	1	3	0	3	0	2	0	0	3	2	1	2	0	0	1	1	0	0	0	0	0	1	0	0	2	1	0	0	2	0	0	1	0	0	0	0	2	0	1	1	0	0	1	1	1
am0059	0	0	0	0	0	0	0	0	0	0	0	1	0	0	1	0	0	0	0	0	0	0	0	0	0	0	0	0	0	0	0	0	0	0	0	0	0	0	0	0	0	0	0	0	0	0	0	0	0	0	0	0	0	0	0	0	0	0	0	0	0	0	0	0	0	0	0	0	0	0	0	0	0	0	0	0	0	0	0	0	0	0	0	0	0	0	0	0	0	0	0	0	0	0	0	0	0	0	0	0	0	0	0	0	0	0	0	0	0	0	0	0	0	0	0	0	0	0	0	0	0	0	0	0	0	0	0	0	0	0	0	0	0	0	0	0	0	0	0	0	0	0	0	0	0	0	0	0	0	0	0	0
am0060	0	0	0	0	0	0	0	0	0	0	0	1	0	1	1	0	0	0	1	0	0	0	1	0	0	2	0	0	0	1	0	0	0	0	0	0	1	0	0	0	3	1	1	0	0	0	3	0	0	1	0	0	0	2	0	1	1	3	1	0	0	0	1	0	0	1	0	1	0	2	0	0	1	0	0	0	0	0	0	0	1	1	0	6	0	0	0	0	0	0	0	0	0	2	0	2	0	0	1	1	1	0	0	1	0	0	2	0	0	0	0	0	0	0	2	1	0	0	0	0	0	2	0	0	0	0	2	2	0	0	0	0	0	0	2	0	2	2	0	0	0	0	0	1	0	3	0	0	0	2	4	1
am0061	0	0	0	0	0	0	0	0	0	0	0	2	0	1	2	2	0	3	2	1	0	0	2	2	0	2	1	0	0	4	1	1	1	0	1	1	0	2	0	0	3	2	0	0	1	2	0	0	0	2	0	2	0	0	0	1	0	0	0	1	0	0	0	1	0	0	0	2	1	0	2	1	5	0	0	0	0	0	1	1	0	0	0	4	1	0	2	1	1	1	1	2	1	2	2	2	0	0	5	0	0	0	1	0	1	0	0	1	0	0	0	1	0	0	1	0	1	0	0	0	2	1	2	0	1	6	1	0	0	1	2	1	1	0	1	0	1	1	1	1	1	0	1	0	0	1	0	0	3	2	2	3
am0062	0	0	0	0	0	0	0	0	0	0	0	0	0	0	0	0	0	0	0	0	0	0	0	0	0	0	0	0	0	1	0	0	0	0	0	0	0	0	0	0	1	1	0	0	0	0	0	0	0	1	0	0	0	0	0	0	0	0	0	0	0	0	0	2	0	0	0	0	0	0	0	0	0	0	1	0	0	0	0	1	0	0	0	1	0	0	0	0	0	0	1	0	0	0	0	0	0	0	0	0	0	0	0	0	0	0	0	0	0	0	0	0	0	0	0	0	0	1	0	0	0	0	0	0	0	0	0	0	1	2	0	0	1	0	0	0	0	0	1	0	0	0	0	0	0	0	0	0	0	0	0	0
am0063	0	0	0	0	0	0	0	0	0	0	0	0	0	0	0	0	0	0	0	0	0	0	0	0	1	0	0	1	0	0	0	0	0	0	0	0	0	0	0	0	1	0	0	0	0	0	0	0	0	0	0	0	0	0	0	0	0	0	0	0	0	0	0	0	0	0	0	0	0	1	0	2	0	0	0	0	0	0	0	0	0	0	0	0	0	0	0	0	1	0	0	0	0	0	0	0	0	0	0	0	0	0	0	1	0	0	0	0	0	0	0	0	0	0	0	0	0	0	0	0	0	0	0	0	0	0	0	0	0	0	0	0	0	0	0	0	0	0	0	0	0	0	0	0	0	0	0	0	0	2	1	0
am0064	0	0	0	0	0	0	0	0	0	0	0	0	0	0	0	0	0	0	0	0	0	0	0	0	0	1	0	0	0	0	0	0	0	0	0	0	0	0	0	0	0	0	0	0	0	0	0	0	0	0	0	0	0	0	0	0	0	0	0	0	0	0	0	0	0	0	0	0	0	0	0	0	0	0	0	0	0	0	0	0	0	0	0	0	0	0	0	0	0	0	0	0	0	0	0	0	0	0	0	0	0	0	0	0	0	0	0	0	0	0	0	0	0	0	0	0	0	0	0	0	0	0	0	0	0	0	0	0	0	0	0	0	0	0	0	0	0	0	0	0	0	0	0	0	0	0	0	0	0	0	0	0
am0065	0	0	0	0	0	0	0	0	0	0	0	0	0	0	2	0	0	0	0	0	0	0	2	0	0	0	0	0	0	0	0	0	0	0	0	0	0	0	0	0	0	0	0	0	0	0	0	0	0	0	0	0	0	0	0	0	0	0	0	0	0	0	0	0	0	0	0	0	0	0	0	0	0	0	0	0	0	0	0	0	0	0	0	0	0	0	0	0	0	0	0	0	0	0	0	0	0	0	0	0	0	0	0	0	0	0	0	0	0	0	0	0	0	0	0	0	0	0	0	0	0	0	0	0	0	0	0	0	0	0	0	0	0	0	0	0	0	0	0	0	0	0	0	0	0	0	0	0	0	0	0	0
am0066	0	0	0	0	0	0	0	0	0	0	0	0	0	0	0	0	0	0	0	0	0	0	0	0	0	0	0	0	0	0	0	0	0	0	0	0	0	0	1	1	0	0	0	0	0	0	0	0	0	0	0	0	0	0	0	0	0	0	0	0	0	0	0	0	0	0	0	0	0	0	0	0	0	0	0	0	0	0	0	0	0	1	1	0	0	0	1	0	0	0	0	0	0	0	0	0	0	0	0	0	0	0	0	0	0	0	0	1	0	0	0	0	0	1	0	0	0	0	0	0	0	0	1	0	0	0	0	0	1	0	0	0	1	0	0	0	1	1	1	0	0	0	0	0	0	0	0	0	0	0	0	2
am0067	0	0	0	0	0	0	0	0	0	1	0	0	0	0	0	0	1	0	0	0	0	1	0	0	0	0	0	0	0	0	0	0	0	0	0	2	1	0	2	0	0	0	0	0	0	0	0	0	0	0	0	1	0	0	0	0	0	0	0	0	0	0	0	0	0	0	2	0	1	1	0	0	0	0	1	0	0	0	0	1	0	0	0	0	0	0	0	0	1	0	1	1	0	0	0	1	1	0	0	0	0	1	0	1	1	0	0	2	2	0	0	1	1	1	0	0	3	2	1	0	1	1	2	0	1	0	0	1	1	1	0	2	0	2	1	2	3	2	2	0	0	1	2	2	0	0	2	2	0	0	0	5
am0068	0	0	0	0	0	0	0	0	0	0	0	0	0	0	0	0	0	0	0	0	0	0	0	0	0	0	0	0	0	0	0	0	0	0	0	0	0	0	0	0	0	0	0	0	0	0	0	0	0	0	0	0	0	0	0	0	0	0	0	0	0	0	0	0	0	0	0	0	0	0	0	0	0	0	0	0	0	0	0	0	0	0	0	0	0	0	0	0	0	0	0	0	0	0	0	0	0	0	0	0	0	0	0	0	0	0	0	0	0	0	0	0	0	0	0	0	0	0	0	0	0	0	0	0	0	0	0	0	0	0	0	0	0	0	0	0	0	0	0	0	0	0	0	0	0	0	0	0	0	0	0	0
am0069	0	0	0	0	0	0	0	0	0	0	0	0	0	1	0	0	0	0	1	0	0	0	0	0	0	0	0	0	0	0	0	0	0	0	0	0	0	0	0	0	0	0	1	0	0	0	0	0	0	0	0	0	0	0	0	0	0	0	0	0	0	0	0	0	0	0	0	0	0	0	0	0	1	0	0	1	1	0	0	0	1	0	0	0	0	0	0	0	0	0	0	0	1	2	0	0	0	0	1	0	1	1	0	0	0	1	0	0	0	0	0	0	1	0	0	3	0	0	0	0	0	0	0	0	0	1	0	0	0	0	0	0	0	0	2	0	0	0	0	0	0	0	0	3	0	0	0	0	0	2	2	0
am0070	0	0	0	0	0	0	0	0	0	0	0	0	0	0	0	0	0	0	0	0	1	1	1	0	0	0	0	0	0	0	0	0	0	0	0	0	0	0	0	0	0	1	0	0	0	1	0	0	0	0	0	0	0	0	1	1	0	1	0	0	0	0	0	0	0	0	2	2	0	0	0	0	0	0	0	0	0	0	0	0	0	0	1	0	0	0	0	0	2	0	0	0	0	0	0	0	0	0	0	0	0	2	0	0	0	0	1	1	0	0	0	0	0	1	0	0	0	1	0	0	0	0	1	0	0	0	0	0	1	0	0	0	0	0	0	0	0	0	1	0	0	0	1	0	1	0	0	0	0	0	0	1
am0071	0	0	0	0	0	0	0	0	0	0	0	0	0	0	0	0	0	0	0	0	0	0	0	0	0	0	0	0	0	0	0	0	0	0	0	0	0	0	0	0	0	0	0	0	0	0	0	0	0	0	0	0	0	0	0	0	0	0	0	0	0	0	0	0	0	0	0	0	0	0	0	0	0	0	0	0	0	0	0	0	0	0	0	0	1	0	0	0	0	0	0	0	0	0	1	1	0	0	0	0	0	0	0	0	0	0	0	0	0	0	0	0	0	0	0	0	0	0	0	0	0	0	0	0	0	0	0	1	0	0	0	0	0	1	0	0	0	0	0	0	0	0	0	0	0	0	1	1	0	0	0	0
am0072	0	0	0	0	0	0	0	0	0	0	0	0	0	0	0	0	0	0	0	1	0	0	0	0	0	0	0	0	0	0	0	1	0	0	0	0	0	0	0	0	0	0	0	0	0	0	0	0	0	0	0	0	0	0	0	1	0	0	0	0	0	0	0	0	0	0	0	0	0	0	0	0	0	0	0	0	0	0	0	0	0	0	0	0	0	0	0	0	0	0	0	0	0	0	0	0	0	0	0	0	0	0	0	0	0	0	0	0	0	0	0	0	0	0	0	0	0	0	0	0	0	0	0	0	0	0	0	0	0	0	0	0	0	0	0	0	0	0	0	0	0	0	0	0	0	0	0	0	0	0	0	0
am0073	0	0	0	0	0	0	0	0	0	0	0	0	0	0	0	0	0	0	0	0	0	0	0	0	0	0	0	0	0	0	0	0	0	0	0	0	0	0	0	0	0	0	0	0	0	0	0	0	0	0	0	0	0	0	0	0	0	0	0	0	0	0	0	0	0	0	0	0	0	0	0	0	0	0	0	0	0	0	0	0	0	0	0	0	0	0	0	0	0	0	0	0	0	0	0	0	0	0	0	0	0	0	0	0	0	0	0	0	0	0	0	0	0	0	0	0	0	0	0	0	0	0	0	0	0	0	0	0	0	0	0	0	0	0	0	0	0	0	0	0	0	0	0	0	0	0	0	0	0	0	0	0
am0074	0	0	0	0	0	0	0	0	0	0	0	0	0	0	0	0	0	0	0	0	0	0	0	0	0	0	0	0	0	0	0	0	0	0	0	0	0	0	0	0	0	0	0	0	0	0	0	0	1	0	0	0	0	0	0	0	0	0	1	1	0	0	0	1	0	0	0	0	1	0	0	0	0	0	2	0	0	0	1	0	0	1	0	0	0	2	0	0	0	0	0	1	0	0	0	0	0	0	0	2	0	0	0	1	1	0	1	0	0	0	0	0	0	1	0	0	0	0	0	0	0	0	0	0	0	1	0	1	0	0	0	0	0	1	0	0	0	0	0	0	0	0	0	0	2	0	0	0	0	0	0	0
am0075	0	0	0	0	0	0	0	0	0	0	0	0	0	0	0	0	0	0	0	0	0	0	0	0	0	0	0	0	0	0	0	0	0	0	0	0	0	0	0	0	0	0	0	0	0	0	0	0	0	0	0	0	0	0	0	0	0	0	0	0	0	0	0	0	0	0	0	0	0	0	0	0	0	0	0	0	0	0	0	0	0	0	0	0	0	0	0	0	0	0	0	0	0	0	0	0	0	0	0	0	0	0	0	0	0	0	0	0	0	0	0	0	0	0	0	0	0	0	0	0	0	0	0	0	0	0	0	0	0	0	0	0	0	0	0	0	0	0	0	0	0	0	0	0	0	0	0	0	0	0	0	0
am0076	0	0	0	0	0	0	0	0	0	0	0	0	0	0	0	0	0	0	0	0	0	0	0	0	0	0	0	0	0	0	0	0	0	0	0	1	0	0	0	0	0	1	1	0	0	0	0	0	0	0	0	0	0	0	1	0	0	0	0	0	0	0	0	0	0	1	0	0	0	0	0	0	0	0	0	1	1	0	0	0	1	0	0	0	0	1	1	0	0	0	1	0	0	0	0	0	1	0	0	0	1	0	0	0	0	0	0	1	0	1	0	0	0	0	0	0	1	0	0	0	0	0	1	0	0	0	0	0	1	0	0	0	1	0	0	0	0	0	1	1	1	0	1	0	1	0	0	0	0	0	0	1
am0077	0	0	0	0	0	0	0	0	0	0	0	0	0	0	0	0	0	0	0	0	0	0	0	0	0	0	0	0	0	0	0	0	0	0	0	0	0	0	0	0	0	0	0	0	0	0	0	0	0	0	0	0	0	0	0	0	0	0	0	0	0	0	0	0	0	0	0	0	0	0	0	0	0	0	0	0	0	0	0	0	0	0	0	0	0	0	0	0	0	0	0	0	0	0	0	0	0	0	0	0	0	0	0	0	0	0	0	0	0	0	0	0	0	0	0	0	0	0	0	0	0	0	0	0	0	0	0	0	0	0	0	0	0	0	0	0	0	0	0	0	0	0	0	0	0	0	0	0	0	0	0	0
am0078	0	0	0	0	0	0	0	0	0	0	0	0	0	0	0	0	0	0	0	0	0	0	0	0	0	0	0	0	0	0	0	0	0	0	0	0	0	0	0	0	0	0	0	0	0	0	0	0	0	0	0	0	0	0	0	0	0	0	0	0	0	0	0	0	0	0	0	0	0	0	0	0	0	0	0	0	0	0	0	0	0	0	0	0	0	0	0	0	0	0	0	0	0	0	0	0	0	0	0	0	0	0	0	0	0	0	0	0	0	0	0	0	0	0	0	0	0	0	0	0	0	0	0	0	0	0	0	0	0	0	0	0	0	0	0	0	0	0	0	0	0	0	0	0	0	0	0	0	0	0	0	0
am0079	0	0	0	0	0	0	0	0	0	1	0	0	0	0	0	0	1	0	1	2	0	0	0	0	0	0	1	0	0	0	0	1	0	0	0	0	0	0	0	0	0	2	0	0	0	0	0	0	0	1	0	0	0	0	0	1	0	0	0	0	0	0	0	0	0	0	0	0	0	0	0	0	0	0	0	0	0	0	0	0	0	0	0	2	0	0	0	0	0	0	0	0	0	0	0	0	0	0	0	0	0	0	0	0	0	0	0	0	0	0	0	0	0	0	0	0	0	0	0	0	0	0	0	0	0	0	0	0	0	0	0	0	0	0	0	0	0	0	0	0	0	0	0	0	0	0	0	0	0	0	0	1
am0080	0	0	0	0	0	0	0	0	0	1	0	0	0	0	0	0	1	0	0	0	0	0	0	0	0	0	0	0	0	0	0	0	0	0	0	0	0	0	0	0	0	1	0	0	0	0	0	0	0	1	0	0	0	0	0	0	0	0	0	0	0	0	0	0	0	0	0	0	0	0	0	0	0	0	0	0	0	0	0	0	0	0	0	2	0	0	0	0	0	0	0	0	0	0	0	0	0	0	0	0	0	0	0	0	0	0	0	0	0	0	0	0	0	0	0	0	0	0	0	0	0	0	0	0	0	0	0	0	0	0	0	0	0	0	0	0	0	0	0	0	0	0	0	0	0	0	0	0	0	0	0	1
am0081	0	0	0	0	0	0	0	0	0	0	0	0	0	0	0	0	0	0	0	0	0	0	0	0	0	0	0	0	0	0	0	0	0	0	0	0	0	0	0	0	0	0	0	0	0	0	0	0	0	2	0	0	0	0	0	0	0	0	0	0	0	0	0	0	0	0	0	0	0	0	0	0	0	0	0	0	0	0	0	0	0	0	0	0	0	0	0	0	0	0	0	0	0	0	0	0	0	0	0	0	0	0	0	0	0	0	0	0	0	0	0	0	0	0	0	0	0	0	0	0	0	0	0	0	0	0	0	0	0	0	0	0	0	0	0	0	0	0	0	0	0	0	0	0	0	0	0	0	0	0	0	0
am0082	0	0	0	0	0	0	0	0	0	1	0	0	0	0	0	0	1	0	0	0	0	0	0	0	0	0	0	0	0	0	0	0	0	0	0	0	0	0	0	0	0	0	0	0	0	0	0	0	0	0	0	0	0	0	0	0	0	0	0	0	0	0	0	0	0	0	0	0	0	0	0	0	0	0	0	0	0	0	0	0	0	0	0	0	0	0	0	0	0	0	0	0	0	0	0	0	0	0	0	0	0	0	0	0	0	0	0	0	0	0	0	0	0	0	0	0	0	0	0	0	0	0	0	0	0	0	0	0	0	0	0	0	0	0	0	0	0	0	0	0	0	0	0	0	0	0	0	0	0	0	0	1
am0083	0	0	0	0	0	0	0	0	0	0	0	0	0	0	0	0	0	0	0	0	0	0	0	0	0	0	0	0	0	0	0	0	0	0	0	0	0	0	0	0	0	0	0	0	0	0	0	0	0	0	0	0	0	0	0	0	1	0	0	0	0	0	1	0	1	0	0	0	0	0	0	0	0	0	0	1	0	0	0	0	0	0	0	0	0	0	0	1	0	0	0	0	0	0	0	0	0	0	0	0	1	0	0	0	0	1	0	1	0	1	0	0	0	0	2	0	0	0	0	0	1	1	1	0	1	0	0	0	0	0	0	1	1	0	0	0	2	2	1	1	1	0	2	0	1	0	0	0	0	0	0	0
am0084	0	0	0	0	0	0	0	0	0	0	0	0	0	0	0	0	0	0	0	0	0	0	0	0	0	0	0	0	0	0	0	0	0	0	0	0	0	0	0	0	0	0	0	0	0	0	0	0	0	0	0	0	0	0	0	0	0	0	0	0	0	0	0	0	0	0	0	0	0	0	0	0	0	0	0	0	0	0	0	0	0	0	0	0	0	0	0	0	0	1	0	0	1	1	0	0	0	0	0	0	0	0	0	0	0	0	0	0	0	0	0	0	0	0	1	0	0	0	1	0	0	1	0	0	0	0	0	0	0	0	0	0	0	0	1	0	1	1	0	0	0	0	0	0	0	0	1	0	0	0	0	0
am0085	0	0	0	0	0	0	0	0	0	0	0	0	0	0	0	0	0	0	0	0	0	0	0	0	0	0	0	0	0	0	0	0	0	0	0	0	0	0	0	0	0	0	0	0	0	0	0	0	0	0	0	0	0	0	0	0	0	0	0	0	0	0	0	0	0	0	0	0	0	0	0	0	0	0	0	0	0	0	0	0	0	0	0	0	0	0	0	1	0	1	0	0	0	0	0	0	0	0	0	0	0	1	0	0	0	0	0	0	0	0	1	0	1	0	0	0	1	0	1	1	0	0	0	0	0	0	0	0	0	0	0	2	1	0	0	1	0	0	0	0	0	0	0	0	0	0	1	1	0	0	0	0
am0086	0	0	0	0	0	0	0	0	0	0	0	0	0	0	0	0	0	0	0	0	0	0	0	0	0	0	0	0	0	0	0	0	0	0	0	0	0	0	0	0	0	0	0	0	0	0	0	0	0	0	0	0	0	0	0	0	1	1	0	0	0	0	1	0	0	0	0	0	0	0	0	0	0	1	0	0	0	1	0	0	0	0	0	0	0	0	0	0	0	0	0	1	0	0	1	0	0	1	0	0	0	0	0	0	1	0	1	0	0	0	0	0	1	0	0	0	0	0	0	0	0	0	0	0	1	0	0	0	0	0	0	0	0	0	0	2	0	0	0	0	0	1	0	1	0	0	0	0	1	0	0	0
am0087	0	0	0	0	0	0	0	0	0	1	0	1	0	0	0	0	1	0	0	0	0	0	0	0	0	0	0	0	0	0	0	0	0	0	0	0	0	0	0	0	0	0	0	0	0	0	0	0	0	0	0	0	0	0	0	0	0	0	0	0	0	0	0	0	0	0	0	0	0	0	0	0	0	0	0	0	0	0	0	0	0	0	0	0	0	0	0	0	0	0	0	0	0	0	0	0	0	0	0	0	0	0	0	0	0	0	0	0	0	0	0	0	0	0	0	0	0	0	0	0	0	0	0	0	0	0	0	0	0	0	0	0	0	0	0	0	0	0	0	0	0	0	0	0	0	0	0	0	0	0	0	1
am0088	0	0	0	0	0	0	0	0	0	0	0	0	0	0	0	0	0	0	0	0	0	0	0	0	0	0	0	0	0	0	0	0	0	0	0	0	0	0	0	0	0	0	0	0	0	0	0	0	0	0	0	0	0	0	0	0	0	0	0	0	0	0	0	0	0	0	0	0	0	0	0	0	0	0	0	0	0	0	0	0	0	0	0	0	0	0	0	0	0	0	0	0	0	0	0	0	0	0	0	0	0	0	0	0	0	0	0	0	0	0	0	0	0	0	0	0	0	0	0	0	0	0	0	0	0	0	0	0	0	0	0	0	0	0	0	0	0	0	0	0	0	0	0	2	0	0	0	0	0	0	0	0
am0089	0	0	0	0	0	0	0	0	0	1	0	0	0	0	0	0	1	0	0	0	0	0	0	0	0	0	1	2	0	3	0	0	0	0	0	0	0	0	0	0	4	2	0	0	0	0	0	0	0	1	0	0	0	0	0	0	0	0	0	0	0	0	0	0	0	0	0	0	0	0	0	0	0	0	0	0	2	0	0	0	2	0	0	1	0	0	0	1	0	0	0	0	0	0	0	0	0	0	0	0	2	0	0	0	0	0	0	0	0	1	0	0	0	0	0	0	1	0	0	0	1	0	0	0	0	0	0	1	0	0	0	2	1	1	0	0	0	0	0	1	2	0	0	0	0	0	0	0	0	0	0	1
am0090	0	0	0	0	0	0	0	0	0	0	0	0	0	0	0	0	0	0	0	0	0	0	0	0	0	0	0	0	0	0	0	0	0	1	0	0	0	0	0	0	0	0	0	0	0	0	0	0	0	0	0	0	0	0	1	0	0	0	0	0	0	0	0	0	0	0	0	0	3	0	0	1	0	0	0	0	0	0	1	0	0	0	0	0	0	1	1	0	0	0	0	2	0	0	0	0	0	0	0	0	0	0	0	0	1	0	0	0	3	1	0	0	0	0	0	0	0	0	2	0	0	0	1	0	0	0	0	0	0	0	0	0	0	0	0	0	0	0	0	0	0	0	1	0	1	0	2	0	1	0	0	0
am0091	0	0	0	0	0	0	0	0	0	0	0	0	0	0	0	0	0	0	0	0	0	0	0	0	0	0	0	0	0	0	0	0	0	0	0	0	0	0	0	0	0	0	0	0	0	0	0	0	0	0	0	0	0	0	0	0	0	0	0	1	0	0	0	0	0	0	0	0	2	0	0	0	0	0	0	0	0	0	0	0	0	0	0	0	1	0	0	0	0	0	0	1	0	0	0	0	0	0	0	0	0	1	0	0	1	0	0	0	2	0	0	0	1	0	0	0	0	0	0	1	1	0	0	0	0	0	0	1	0	0	0	0	0	1	0	1	0	0	0	0	0	0	0	0	0	0	1	1	0	0	0	0
am0092	0	0	1	0	0	0	0	0	0	0	0	0	0	0	0	0	0	0	0	0	0	0	0	0	0	0	0	0	0	0	1	1	0	0	0	0	1	0	1	0	0	0	1	0	0	1	1	0	1	0	2	0	0	1	0	3	1	0	0	0	0	0	3	0	1	3	0	0	2	0	0	0	3	1	0	1	0	1	0	0	1	0	2	0	1	0	2	0	0	0	1	2	0	0	1	0	2	0	3	0	1	0	2	0	3	1	0	0	1	1	1	0	1	2	2	1	0	1	1	0	0	0	0	0	2	2	2	0	2	0	1	0	0	0	0	1	1	1	0	1	1	1	0	0	0	1	0	0	2	0	0	4
am0093	0	0	0	0	0	0	0	0	0	0	0	0	0	0	0	0	0	0	0	0	0	0	0	0	0	0	0	0	0	0	0	0	0	0	0	0	0	0	0	0	0	0	0	0	0	0	0	0	0	0	0	0	0	0	0	0	1	0	0	0	0	0	0	0	0	0	0	0	0	0	0	0	0	2	0	0	0	1	0	0	0	0	0	0	0	0	0	0	0	0	0	0	0	0	0	0	0	0	0	0	0	0	0	0	0	0	0	0	0	0	0	0	0	0	0	0	0	0	0	0	0	0	0	0	0	0	0	0	0	0	0	0	0	0	0	0	0	0	0	0	0	0	0	0	0	0	0	0	0	0	0	0
am0094	0	0	0	0	0	0	0	0	0	0	1	2	0	1	1	0	0	0	0	0	0	0	1	1	0	0	0	0	1	0	0	0	1	0	0	0	0	0	0	0	0	3	0	1	1	0	0	0	1	0	0	2	0	0	0	0	1	1	1	0	1	1	2	2	0	0	0	0	1	0	0	0	0	0	1	0	0	0	0	1	0	1	1	2	0	1	2	0	0	0	0	0	1	1	0	1	0	0	0	1	0	0	0	0	0	0	1	1	1	0	1	0	1	0	1	0	0	0	1	0	1	2	1	0	1	0	0	0	0	0	1	0	0	0	1	1	0	0	1	1	1	2	0	0	0	0	2	2	1	0	0	3
am0095	0	0	0	0	0	0	0	0	0	0	0	0	0	0	0	0	0	0	0	0	0	0	0	0	0	0	0	0	0	0	0	0	0	0	0	0	0	0	0	0	0	0	0	0	0	0	0	0	0	0	0	0	0	0	0	0	0	0	0	0	0	0	0	0	0	0	0	0	0	0	0	0	0	0	0	0	0	0	0	0	0	0	0	0	0	0	0	0	0	0	0	0	0	0	0	0	0	0	0	0	0	0	0	0	0	0	0	0	0	0	0	0	0	0	0	0	0	0	0	0	0	0	0	0	0	0	0	0	0	0	0	0	0	0	0	0	0	0	0	0	0	0	0	0	0	0	0	0	0	0	0	0
am0096	0	0	0	0	0	0	0	0	0	0	0	0	0	0	0	0	0	0	0	0	0	0	0	0	0	0	0	0	0	0	0	0	0	0	0	1	0	0	0	0	0	0	0	0	0	0	2	1	0	0	0	0	0	3	0	0	0	0	0	0	0	0	0	0	1	0	1	0	0	0	0	2	2	0	0	0	0	0	0	0	0	0	0	0	0	2	1	0	1	0	0	0	1	1	0	0	0	0	2	0	0	1	0	0	1	0	0	0	0	0	0	0	3	0	3	1	1	0	0	0	0	0	1	0	1	0	0	0	0	0	2	0	0	0	1	0	3	2	0	1	1	4	0	0	1	0	0	0	1	2	2	4
am0097	0	0	0	1	0	0	0	0	0	0	1	0	0	0	0	0	0	0	0	0	0	0	0	0	1	0	1	1	1	1	0	1	2	2	0	2	4	0	1	1	0	0	2	1	0	4	4	4	0	2	4	1	0	0	0	1	0	4	1	0	0	0	0	2	2	1	2	2	1	4	0	4	0	0	1	1	3	0	0	2	2	1	1	1	1	2	3	0	2	2	1	0	8	5	1	2	3	2	2	1	2	3	0	2	0	2	4	1	2	2	1	2	3	1	1	0	0	1	2	2	1	2	2	1	1	2	0	0	0	4	3	1	0	0	7	3	2	2	1	3	2	1	3	2	2	0	2	1	2	5	4	8
am0098	0	0	0	0	0	0	0	0	0	0	0	0	0	0	0	0	0	0	0	0	0	0	0	0	0	0	0	0	0	0	0	0	0	0	0	0	0	0	0	0	0	0	0	0	0	0	0	0	0	0	0	0	0	0	0	0	1	0	0	0	0	0	1	0	0	0	0	0	0	0	0	0	0	1	0	0	0	1	0	0	0	0	0	0	1	0	0	0	0	1	0	0	0	0	0	1	0	0	0	0	0	0	0	0	0	0	0	0	0	0	1	0	0	1	0	0	0	0	1	0	1	0	0	0	0	0	0	1	0	0	0	0	0	1	0	0	0	0	0	1	1	0	0	0	0	0	2	2	0	0	0	0
am0099	0	0	0	0	0	0	0	0	0	0	0	0	0	0	0	0	0	0	0	0	0	0	0	0	0	0	0	0	1	0	0	0	0	0	0	0	1	0	1	0	0	0	0	0	0	0	0	0	2	0	1	0	0	0	1	0	3	0	0	0	1	2	2	0	0	0	0	0	0	0	0	1	2	3	0	1	1	2	2	0	1	0	2	0	1	1	1	2	0	0	1	1	0	0	1	0	0	1	2	0	2	1	1	1	0	1	0	1	1	0	1	0	0	1	1	0	0	1	0	4	4	1	2	1	1	1	1	0	1	0	3	2	3	0	1	1	1	0	1	1	1	1	2	1	2	2	0	1	3	3	3	1
am0100	0	0	0	0	0	0	0	0	0	0	0	0	0	0	0	0	0	0	0	0	0	0	0	0	0	0	0	0	0	0	0	0	0	0	0	0	0	0	0	0	0	0	0	0	0	0	0	0	0	0	0	0	0	0	0	0	0	0	0	0	0	0	0	0	0	0	0	0	0	0	0	0	0	0	0	0	0	0	0	0	0	0	0	0	0	0	0	0	0	0	0	0	0	0	0	0	0	0	0	0	0	0	0	0	0	0	0	0	0	0	0	0	0	0	0	0	0	0	0	0	0	0	0	0	0	0	0	0	0	0	0	0	0	0	0	0	0	0	0	0	0	0	0	0	0	0	0	0	0	0	0	0
am0101	0	0	0	0	0	0	0	0	0	0	0	0	0	0	0	0	0	0	0	0	0	0	0	0	0	0	0	0	0	0	0	0	1	0	0	0	0	0	0	0	0	0	1	1	0	0	0	0	0	0	0	0	0	1	0	0	0	1	1	0	0	0	0	0	0	1	0	0	0	0	0	0	2	0	0	0	1	0	0	0	0	1	0	0	0	0	0	0	0	0	1	0	0	1	0	0	1	0	3	1	0	0	0	0	0	2	1	1	0	0	0	0	0	0	1	0	0	1	0	0	0	0	1	0	1	1	0	0	0	0	0	0	1	0	2	0	1	1	1	1	1	0	0	0	0	0	0	0	1	0	0	2
am0102	0	0	0	0	0	0	0	0	0	0	0	0	0	0	0	0	0	0	0	0	0	0	0	0	0	0	0	0	1	0	2	3	3	1	2	0	1	1	0	1	0	0	3	2	2	3	0	0	6	0	2	0	1	2	1	3	1	1	0	1	4	2	2	1	1	1	0	3	1	1	1	2	1	0	1	2	0	1	8	2	1	0	0	0	0	0	0	8	0	0	2	6	1	1	2	0	1	3	2	1	2	2	4	1	4	0	2	0	1	1	1	0	2	0	2	2	7	4	3	2	0	0	2	1	0	2	5	6	2	3	4	11	6	1	1	5	3	2	0	4	3	7	1	5	1	4	2	2	4	2	2	8
am0103	0	0	0	0	0	0	0	0	0	0	0	0	0	0	0	0	0	0	1	1	0	0	0	0	0	0	0	0	0	0	0	0	0	0	0	0	0	0	0	0	0	0	0	0	0	0	0	0	0	0	0	0	0	0	0	0	0	0	0	0	0	0	0	0	0	0	0	0	0	0	0	0	0	0	0	0	0	0	0	0	0	0	0	0	0	0	0	0	0	0	0	0	0	0	0	0	0	0	0	0	0	0	0	0	0	0	0	0	0	0	0	0	0	0	0	0	0	0	0	0	0	0	0	0	0	0	0	0	0	0	0	0	0	0	0	0	0	0	0	0	0	0	0	0	0	0	0	0	0	0	0	0
am0104	0	0	0	0	0	0	0	0	0	0	0	0	0	0	0	0	0	0	0	0	0	0	0	0	0	0	0	0	0	1	0	0	0	0	0	0	0	0	0	0	0	0	0	0	0	0	0	0	0	2	0	0	0	1	0	0	0	0	0	0	0	0	0	0	0	0	0	0	0	0	0	0	0	0	0	0	0	0	0	0	0	0	1	1	0	0	0	0	0	0	0	0	1	1	0	0	0	0	0	0	0	0	0	0	0	0	0	1	0	0	0	0	0	0	0	0	0	0	0	0	0	0	1	0	0	0	0	1	1	0	0	0	1	1	1	0	0	0	2	1	1	1	0	0	0	0	0	0	0	0	0	1
am0105	0	0	0	0	0	0	0	0	0	0	0	0	0	0	0	0	0	0	0	0	0	0	0	0	0	0	0	1	0	0	0	0	0	0	0	0	0	0	0	0	1	0	0	0	0	0	0	0	0	0	0	1	0	0	0	0	1	0	0	0	0	1	0	0	0	1	0	0	0	0	0	0	1	1	0	0	0	1	1	0	0	0	0	0	0	0	0	0	0	0	0	2	0	0	0	2	1	0	1	0	0	0	0	0	1	0	0	0	0	1	0	0	0	0	1	0	0	0	0	0	0	0	0	0	1	1	0	0	0	0	0	0	0	0	0	0	0	0	0	1	1	0	0	0	0	1	1	1	2	0	1	0
am0106	0	0	0	0	0	0	0	0	0	0	0	0	0	0	0	0	0	0	0	0	0	0	0	0	0	0	0	0	0	0	0	0	0	0	0	0	0	0	0	0	0	1	1	0	0	0	0	1	1	1	0	0	0	0	1	0	2	0	1	1	1	1	2	1	0	1	1	0	1	0	0	1	0	0	1	1	0	0	1	1	0	1	1	2	0	0	0	0	1	3	1	0	2	0	1	0	0	0	0	1	0	1	0	0	0	0	0	1	0	1	0	0	0	0	2	0	0	1	0	0	1	3	1	0	1	0	1	3	0	3	1	0	0	3	0	0	1	1	1	2	2	1	1	0	1	0	3	3	4	0	0	0
am0107	0	0	0	0	0	0	0	0	0	0	0	1	0	0	0	0	0	0	0	0	0	0	0	1	0	1	0	0	0	0	1	0	1	2	3	2	0	1	6	1	0	0	0	1	2	1	1	3	1	0	1	3	6	1	0	0	3	0	4	1	2	2	1	0	0	2	1	1	1	5	2	4	1	4	1	1	0	3	3	4	2	4	4	0	5	3	5	2	0	2	6	3	2	2	4	5	3	1	1	4	2	2	3	3	4	1	0	1	1	3	1	6	0	4	1	2	3	3	1	4	1	2	3	1	2	1	2	2	2	4	1	3	3	2	3	1	3	4	3	3	2	4	2	1	3	3	4	7	3	10	4	12
am0108	0	0	0	0	0	0	0	0	0	0	0	0	0	0	0	0	0	0	0	0	1	1	0	0	1	0	0	0	0	0	3	3	0	0	2	7	1	2	1	0	0	1	0	0	0	3	3	2	4	1	2	4	0	3	4	5	7	2	0	3	6	1	7	3	0	4	10	6	2	1	1	4	1	6	1	1	6	4	5	4	2	0	3	2	2	7	4	3	8	2	3	7	1	2	1	3	4	0	1	0	2	2	3	2	5	4	1	5	5	1	3	4	3	6	3	6	8	7	3	3	7	2	7	2	3	3	7	6	11	3	3	7	10	5	6	2	3	4	11	6	6	2	10	3	17	11	12	13	8	7	11	18
am0109	0	0	0	0	0	0	0	0	0	0	0	0	0	0	0	0	0	0	0	0	1	1	0	0	2	0	0	0	0	0	1	1	1	1	2	1	0	0	2	0	0	0	1	1	2	0	0	3	0	0	0	0	1	1	2	2	2	0	0	2	3	3	0	2	1	3	1	1	1	0	1	2	1	2	2	2	3	3	2	2	3	0	0	0	0	2	2	7	2	2	3	1	3	3	2	0	3	1	2	1	3	5	2	2	1	1	1	0	0	1	2	2	3	0	1	3	5	3	2	3	4	3	0	3	2	6	3	2	3	4	0	4	6	1	3	0	2	4	1	5	6	2	5	2	5	3	0	0	3	4	4	5
am0110	0	0	0	0	0	0	0	0	0	0	0	0	0	0	0	0	0	0	0	0	0	0	0	0	0	0	0	0	0	0	0	0	0	0	0	0	0	0	1	0	0	0	1	0	0	0	1	1	0	0	0	1	1	0	0	0	0	0	0	0	0	0	0	0	0	0	0	0	0	0	0	1	1	0	0	2	2	0	0	1	1	0	0	0	0	0	0	0	0	1	0	0	0	0	1	0	0	1	1	1	1	0	1	0	0	0	1	0	1	1	0	1	0	1	0	0	0	0	0	0	2	2	0	0	1	1	1	0	0	1	2	0	0	1	3	0	1	1	0	1	1	1	0	0	0	2	1	2	3	0	0	2
am0111	0	0	0	0	0	0	0	0	0	0	0	0	0	0	0	0	0	0	0	0	0	0	0	0	0	0	0	0	0	0	0	0	0	0	0	0	0	0	1	0	0	0	0	0	0	0	0	0	0	0	0	0	0	0	0	0	1	0	0	0	0	0	1	0	0	0	0	0	0	0	0	0	0	1	0	0	0	0	0	0	0	0	0	0	0	0	0	0	0	0	1	0	0	0	0	0	0	0	0	0	0	0	0	0	0	0	0	0	0	0	0	0	0	0	0	0	0	0	0	0	0	0	0	0	0	0	0	0	0	0	0	0	0	0	0	0	0	0	0	0	0	0	0	0	0	0	0	0	0	0	0	0
am0112	0	0	0	0	0	0	0	0	0	0	0	0	0	0	0	0	0	1	0	1	0	0	0	3	0	0	3	2	0	0	0	2	0	0	0	0	0	0	2	0	0	0	1	0	0	0	0	1	0	0	0	0	0	0	0	1	0	0	0	0	0	0	0	0	0	0	1	0	0	0	0	1	0	0	0	0	0	0	0	0	1	0	1	0	2	0	0	1	1	0	0	1	0	0	4	1	0	4	1	0	1	3	2	0	2	0	0	1	1	1	1	0	2	1	0	1	1	0	1	2	1	0	2	1	0	0	0	1	1	2	1	3	2	1	0	2	2	3	2	2	4	1	2	7	2	0	2	2	1	0	0	1
am0113	0	0	0	0	0	0	0	0	0	0	0	0	0	0	0	0	0	0	2	0	0	0	0	0	0	0	0	0	0	0	2	1	0	1	0	0	1	1	1	0	0	2	3	0	1	0	2	0	0	0	0	0	1	2	1	1	0	2	1	0	0	0	0	0	2	0	0	0	1	1	0	0	1	0	1	6	0	0	0	1	2	0	1	1	1	1	1	0	0	0	0	0	0	0	0	0	0	0	1	1	2	0	0	0	0	0	3	1	1	0	1	1	0	0	0	0	0	0	1	0	0	0	1	0	0	3	1	0	1	1	2	0	1	0	0	0	3	3	1	4	2	4	2	0	2	1	1	0	0	1	0	1
am0114	0	0	0	0	0	0	0	0	0	0	0	0	0	0	0	0	0	0	0	0	0	0	0	0	0	0	0	0	0	0	0	0	0	0	0	0	0	0	0	0	0	0	0	0	0	0	0	0	0	0	0	0	0	0	0	0	0	0	0	0	0	0	0	0	0	0	0	0	0	0	0	0	0	0	0	0	0	0	0	0	0	0	0	0	0	0	0	0	0	0	0	0	0	0	0	0	0	0	0	0	0	0	0	0	0	0	0	0	0	0	0	0	0	0	0	0	0	0	0	0	0	0	0	0	0	0	0	0	0	0	0	0	0	0	0	0	0	0	0	0	0	0	0	0	0	0	0	0	0	0	0	0
am0115	0	0	0	0	0	0	0	0	0	0	0	0	0	0	0	0	0	0	0	0	0	0	0	0	0	0	0	0	0	0	0	0	0	0	0	0	0	0	0	0	0	0	0	0	0	0	0	0	0	0	0	1	0	0	0	0	0	0	0	0	0	0	0	0	0	0	0	0	0	0	0	0	0	0	0	0	0	0	0	0	0	0	0	0	1	0	0	0	0	0	0	0	0	0	1	0	0	0	0	0	0	0	0	0	0	0	0	0	0	0	0	0	0	0	0	0	0	0	0	0	0	0	0	0	0	0	0	0	0	0	0	0	0	0	0	0	0	0	0	0	0	0	0	0	0	0	1	1	0	0	0	0
am0116	0	0	0	0	0	0	0	0	0	0	0	0	0	0	0	0	0	0	0	0	0	0	0	0	0	0	0	0	0	0	0	0	0	0	0	0	1	0	0	0	0	0	0	0	0	0	0	0	0	0	0	0	1	0	0	0	0	0	0	1	0	0	0	1	1	0	0	0	1	1	0	0	0	0	2	0	0	0	0	0	0	0	0	0	0	0	0	0	0	0	0	0	0	1	0	0	0	0	0	0	0	2	0	1	0	1	0	0	1	0	2	1	0	0	0	0	0	0	1	0	1	1	0	0	1	0	0	1	0	0	2	0	0	1	1	0	0	0	0	0	0	0	0	0	0	0	1	1	2	0	0	0
am0117	0	0	0	0	0	0	0	0	0	0	0	0	0	0	0	0	0	0	0	0	0	0	0	0	0	0	0	0	1	1	1	1	1	1	1	0	0	1	0	2	1	0	1	1	0	1	2	1	1	0	0	2	3	1	1	1	0	1	4	1	2	1	1	0	1	1	1	2	2	2	2	1	0	0	0	1	0	1	2	0	0	6	1	0	1	1	0	2	1	0	0	0	2	1	1	3	0	0	1	5	1	0	2	1	0	1	2	1	2	0	1	2	0	1	4	0	2	0	0	0	1	1	1	0	1	2	1	0	1	0	3	2	2	0	1	0	0	0	2	1	0	1	2	0	2	1	1	1	3	3	3	8
am0118	0	0	0	0	0	0	0	0	0	0	0	0	0	0	0	0	0	0	0	0	0	0	0	0	0	0	0	0	0	0	0	0	1	0	0	0	0	0	0	2	0	0	0	0	0	0	0	0	0	0	0	0	0	0	1	0	0	0	0	0	0	0	0	0	0	1	0	0	0	0	0	0	1	0	0	0	0	0	0	0	0	1	0	0	0	0	0	0	0	1	0	0	1	1	0	0	2	0	1	0	0	0	0	1	0	0	0	0	1	2	1	0	0	0	0	0	0	0	0	0	0	1	0	0	0	1	0	2	1	1	1	0	1	0	1	0	0	0	1	1	0	0	0	0	0	4	0	0	1	1	5	1
am0119	0	0	0	0	0	0	0	0	0	0	0	0	0	0	0	0	0	0	0	0	2	0	0	0	0	0	0	0	1	0	2	1	0	1	1	0	2	2	1	3	0	0	1	1	3	1	1	0	0	0	0	1	2	2	1	2	0	2	3	1	0	0	0	2	2	0	0	2	1	3	1	0	0	4	1	2	1	0	1	0	1	4	2	0	2	1	0	0	0	0	2	1	1	2	1	1	1	0	1	3	2	2	0	1	2	2	3	2	0	1	1	1	4	2	4	6	0	3	2	2	3	1	2	1	5	1	1	5	0	0	2	0	1	5	3	4	3	4	2	2	2	2	1	4	2	2	2	3	7	7	7	7
am0120	0	0	0	0	0	0	0	0	0	0	0	0	0	0	0	0	0	0	0	0	0	0	0	0	0	0	0	1	0	1	1	0	0	0	0	0	0	2	0	0	2	4	0	0	0	0	0	0	1	2	0	0	0	0	0	0	2	1	1	0	0	0	1	1	0	0	0	0	0	1	1	0	0	2	1	0	0	0	1	0	0	1	0	6	0	0	0	0	0	0	1	0	0	0	0	0	0	0	0	1	0	1	0	1	1	0	1	0	0	1	0	1	1	0	0	1	0	2	1	1	0	0	0	0	1	0	1	0	5	1	0	0	0	0	0	1	1	1	0	2	1	2	0	1	0	1	1	1	1	2	2	1
am0121	0	0	0	0	0	0	0	0	0	0	0	0	0	0	0	0	0	0	0	0	0	0	0	0	0	0	0	0	1	0	0	0	1	0	1	0	0	0	0	1	0	0	0	1	2	0	0	1	0	0	0	0	0	0	1	2	1	0	0	1	1	2	1	1	1	2	0	0	0	2	1	1	1	1	1	3	1	2	1	1	3	1	0	0	0	0	0	2	0	4	0	1	2	3	0	0	4	1	1	1	3	3	1	2	5	2	1	0	1	4	1	0	2	1	0	0	2	0	1	1	2	4	0	1	0	3	2	2	1	0	0	2	3	2	3	0	0	0	1	3	5	0	2	0	2	5	1	1	0	11	10	3
am0122	0	0	0	0	0	0	0	0	0	0	0	0	0	0	0	0	0	0	0	0	0	0	0	0	1	0	0	0	1	0	0	0	0	0	1	0	0	0	0	0	0	0	0	0	0	0	0	0	0	0	0	0	0	0	0	0	0	0	0	0	0	0	0	0	0	0	0	0	0	0	0	0	0	1	0	0	0	1	0	0	0	0	0	0	0	0	0	0	0	0	0	0	0	0	0	0	1	0	0	0	0	0	1	0	0	0	0	0	0	2	0	0	0	0	2	0	0	0	0	0	2	0	0	0	3	0	0	0	0	0	0	0	0	0	0	1	1	1	0	2	3	2	0	2	0	0	0	0	1	1	1	2
am0123	0	0	0	0	0	0	0	0	0	0	0	0	0	0	0	0	1	0	0	0	0	0	0	0	1	1	0	0	0	0	0	0	0	1	0	0	1	1	1	1	0	0	2	0	0	1	0	1	2	0	1	0	1	2	0	1	1	0	0	1	3	2	1	1	1	0	2	1	0	2	0	3	1	3	1	2	2	3	2	1	2	0	1	0	2	3	2	4	2	0	0	1	2	1	5	0	0	5	1	0	3	0	0	2	0	1	0	2	1	1	2	0	2	1	2	1	0	0	2	0	1	1	3	0	2	2	0	2	1	2	2	4	5	1	2	3	3	3	3	1	1	1	2	2	5	0	0	2	1	3	1	4
am0124	0	0	0	0	0	0	0	0	0	0	0	0	0	1	0	0	0	0	0	0	0	0	0	1	0	0	0	1	0	1	0	0	0	0	0	0	0	0	0	0	2	0	0	0	0	0	0	0	0	2	0	0	0	0	0	0	0	0	0	0	0	0	0	0	0	0	0	0	0	0	0	0	0	0	0	0	0	0	0	0	0	0	0	2	0	0	0	0	0	0	0	0	0	1	0	0	0	0	0	0	0	0	0	0	0	0	0	0	0	0	0	0	0	0	0	0	0	0	0	0	0	0	0	0	0	0	0	0	0	0	0	0	0	0	0	0	0	0	0	0	0	0	0	0	0	0	0	0	0	0	0	0
am0125	0	0	0	0	0	0	0	0	0	0	0	0	1	0	0	0	0	2	0	0	0	0	0	0	0	0	0	0	0	0	0	1	0	0	0	0	0	0	0	0	0	0	0	0	0	0	0	0	0	0	0	0	0	0	0	0	0	0	0	0	0	0	0	0	0	0	0	0	0	0	0	0	0	0	0	0	0	0	0	0	0	0	0	0	0	0	0	0	0	0	0	0	0	0	0	0	0	0	0	0	0	0	0	0	0	0	0	0	0	0	0	0	1	0	0	1	0	0	0	0	0	0	0	0	0	0	0	0	0	0	0	0	0	0	0	1	0	0	0	0	0	0	0	1	0	0	0	0	0	0	0	0
am0126	0	1	0	0	0	0	0	0	0	0	0	0	0	0	0	0	0	0	0	0	0	0	0	0	0	0	0	0	0	0	0	0	0	0	0	1	0	0	0	1	0	0	0	0	0	0	0	0	0	0	0	0	0	0	0	0	0	0	0	0	1	2	0	0	0	0	0	0	0	0	0	0	0	0	0	0	0	0	0	0	0	1	0	0	2	1	0	0	0	0	0	0	0	0	0	4	0	1	0	0	0	0	0	0	0	0	0	0	0	0	0	0	0	0	0	0	1	0	0	0	0	0	0	1	0	0	0	0	0	0	0	0	0	0	0	0	0	0	0	0	0	0	0	0	1	0	2	4	0	0	0	2
am0127	0	0	0	0	0	0	0	0	0	0	0	0	0	0	0	0	0	0	0	0	0	0	0	0	0	0	0	0	0	0	0	0	0	0	1	0	0	0	0	0	0	0	1	0	1	0	0	0	0	0	0	0	0	0	0	0	1	0	0	0	1	0	1	0	0	1	0	0	0	0	1	0	1	0	0	1	0	0	0	0	0	0	0	0	1	0	0	1	0	0	1	0	1	1	1	1	0	0	1	0	1	0	1	0	0	0	0	1	0	0	0	0	0	0	0	0	0	1	0	0	0	0	1	0	0	0	2	0	0	0	0	0	0	0	1	1	0	0	1	0	0	0	1	0	0	3	0	0	1	1	2	0
am0128	0	0	0	0	0	0	0	0	0	0	0	0	0	0	0	0	0	0	0	0	0	0	0	0	0	0	0	0	0	0	0	0	0	0	0	0	0	0	0	0	0	0	0	0	0	0	0	0	0	0	0	0	0	0	0	0	0	0	0	0	0	0	0	0	1	0	0	0	0	0	0	0	0	3	0	0	0	0	0	0	0	0	0	0	0	0	0	0	0	0	0	0	0	0	0	0	0	0	0	0	0	0	0	0	0	0	0	0	0	0	0	0	0	0	0	0	0	0	0	0	0	0	0	0	1	0	0	0	0	0	0	0	0	0	0	0	0	0	0	0	0	0	0	0	0	0	0	0	1	0	0	0
am0129	0	0	0	0	0	0	0	0	0	0	0	1	0	0	2	1	1	0	1	2	0	0	2	0	0	1	2	0	2	1	4	4	1	2	0	0	2	6	1	1	1	2	1	1	0	4	3	6	0	1	1	1	3	1	2	5	2	4	3	3	2	2	0	1	1	3	0	5	3	2	5	6	0	2	1	1	2	3	1	3	0	3	0	3	1	4	2	1	2	3	3	3	2	1	2	1	3	1	0	3	0	3	4	1	2	2	4	2	0	2	0	2	3	1	1	0	3	4	0	3	2	2	2	3	2	1	1	1	2	3	3	1	1	1	2	4	3	3	2	4	4	2	5	1	5	3	2	1	6	6	5	11
am0130	0	0	0	0	0	0	0	0	0	0	0	0	0	0	0	1	0	0	0	0	0	0	0	0	0	0	1	0	0	1	0	0	0	0	0	0	0	0	0	0	0	0	0	0	0	0	0	0	0	1	0	0	0	0	0	0	0	0	0	0	0	0	0	0	0	0	0	0	0	0	0	0	0	0	0	0	0	0	0	0	0	0	0	0	0	0	0	0	0	0	0	0	0	0	0	0	0	0	0	0	0	0	0	0	0	0	0	0	0	0	0	0	0	0	0	0	0	0	0	0	0	0	0	0	0	0	0	0	0	0	0	0	0	0	0	0	0	0	0	0	0	0	0	0	0	0	0	0	0	0	0	0
am0131	0	0	0	0	0	0	0	0	0	0	0	0	0	0	0	0	0	0	0	0	0	0	0	3	1	1	0	0	2	0	1	1	1	0	0	0	1	0	2	1	0	0	0	2	2	1	1	1	0	0	1	0	1	1	1	2	0	2	2	0	0	0	0	1	2	2	0	1	1	0	0	3	1	0	3	0	0	1	0	1	0	1	1	0	2	0	1	0	3	2	3	0	0	0	2	1	2	3	1	2	0	3	0	3	1	1	1	3	1	2	2	1	1	1	3	1	1	2	2	4	2	2	3	4	3	1	1	2	1	0	4	0	1	2	0	1	1	1	4	0	0	6	2	1	1	1	1	2	2	2	2	8
am0132	0	0	0	0	0	0	0	0	0	0	0	0	0	0	0	0	0	0	0	0	0	2	0	0	2	0	0	0	0	1	0	0	0	1	0	1	0	1	0	0	0	0	0	1	1	0	1	1	0	2	3	0	2	0	0	0	0	3	3	0	3	2	0	1	3	0	0	0	0	0	1	0	3	0	0	1	1	0	0	4	0	3	0	1	0	0	2	2	1	0	0	0	1	1	1	0	1	1	4	3	2	0	0	0	0	0	2	0	6	1	1	3	0	0	1	1	1	0	1	0	1	1	0	0	4	4	7	2	0	3	3	0	0	2	3	1	2	2	0	0	0	1	0	2	0	10	0	0	2	1	5	6
am0134	0	0	0	0	0	0	0	0	0	0	0	0	0	0	0	0	0	0	0	0	2	2	0	0	1	0	0	0	0	0	0	0	0	0	0	1	0	0	0	0	0	0	1	0	0	0	0	0	0	0	1	0	0	0	0	0	0	0	0	0	0	1	0	0	0	0	0	0	0	0	0	0	0	0	0	2	1	1	0	0	0	0	0	0	1	0	0	2	1	0	0	0	0	0	0	0	0	0	0	0	1	0	0	0	0	2	0	0	0	0	1	0	0	1	0	0	2	0	2	0	0	0	0	1	0	0	0	1	0	0	1	4	2	1	2	0	0	0	0	0	0	0	0	0	0	0	1	2	1	0	0	4
am0135	0	0	0	0	0	0	0	0	0	0	0	0	0	0	0	2	0	0	0	0	4	3	0	0	3	0	2	0	2	0	1	0	5	2	1	3	0	1	1	1	0	0	0	6	1	2	2	0	0	0	1	1	2	2	2	0	3	3	0	3	2	2	1	0	2	3	4	2	0	0	0	0	0	3	1	0	0	1	0	0	0	1	0	0	1	1	3	0	4	2	2	0	3	2	0	2	3	0	0	0	0	2	1	2	0	4	2	1	1	4	3	2	3	0	0	1	6	4	3	2	3	3	1	1	3	4	12	7	3	2	2	4	1	6	4	1	1	1	1	4	7	0	3	1	3	13	2	2	2	3	6	11
am0136	0	0	0	0	0	0	0	0	0	0	0	0	0	0	0	0	0	0	0	0	0	0	0	0	0	0	0	0	0	0	0	0	0	0	0	0	0	0	3	0	0	0	0	0	0	0	0	0	0	0	0	0	0	0	0	0	0	0	0	0	0	0	0	0	0	0	0	0	0	0	0	1	1	0	0	2	0	0	0	0	2	0	1	0	0	0	0	0	0	0	1	0	0	0	0	0	0	0	1	0	2	0	0	0	0	0	2	2	0	0	0	0	0	0	0	0	0	1	0	0	0	0	2	0	0	1	0	0	2	0	0	0	1	0	0	0	3	3	3	0	0	0	1	0	3	0	0	0	0	0	0	1
am0137	0	0	0	0	0	0	0	0	0	0	0	0	0	0	0	0	0	0	0	0	0	0	0	0	3	0	0	0	0	0	0	0	0	1	0	3	0	0	0	0	0	0	0	0	0	1	0	3	3	0	1	2	1	0	0	2	1	0	0	1	0	0	1	2	0	2	0	3	2	1	1	3	0	2	1	0	0	2	3	2	0	0	0	0	0	0	0	1	2	1	0	2	0	0	0	3	4	0	0	0	0	0	0	0	0	1	0	6	3	5	2	1	1	2	2	1	3	0	3	0	4	4	6	0	1	1	2	1	0	3	0	2	2	3	1	1	0	3	6	4	2	3	7	2	3	3	5	2	1	1	3	4
am0138	0	0	0	0	0	0	0	0	0	0	1	0	0	1	0	1	1	1	1	1	0	1	0	1	0	1	1	0	1	1	0	1	2	2	0	0	0	0	0	0	1	0	1	1	0	0	1	3	0	0	4	2	0	0	0	0	0	1	1	1	1	1	0	2	0	1	1	0	1	0	0	3	2	1	1	1	1	1	0	1	1	1	1	0	0	0	2	0	0	1	0	1	1	1	0	4	2	0	2	1	2	2	0	0	0	0	0	2	1	2	2	2	2	2	0	1	2	2	3	3	1	0	3	2	1	3	1	1	3	3	2	2	1	1	0	3	0	0	2	1	2	2	1	1	1	1	5	5	2	0	1	3
am0139	0	0	0	0	0	0	0	0	0	0	0	1	0	2	1	0	0	1	2	0	0	0	1	2	0	1	2	3	1	1	0	1	2	0	0	0	0	0	0	0	0	0	1	1	0	0	0	0	0	1	2	0	0	0	1	0	0	1	1	0	0	2	0	0	0	0	0	0	0	0	0	0	1	0	0	1	0	1	0	0	2	0	0	0	0	1	1	0	0	0	0	0	0	1	0	0	0	0	1	1	2	0	0	0	0	0	1	0	0	1	0	0	0	0	0	0	0	0	0	0	2	1	0	0	0	0	1	0	0	0	0	0	0	0	2	0	0	0	0	1	1	0	1	0	1	1	0	0	0	0	0	1
am0140	0	0	0	0	0	0	0	0	0	0	1	0	0	0	0	0	0	0	0	0	0	0	0	4	0	0	0	3	0	2	1	0	0	0	1	0	0	2	0	0	4	1	0	1	1	0	0	0	1	1	0	0	0	0	0	0	1	0	0	0	0	0	2	0	0	1	0	0	0	0	1	0	0	0	0	0	0	0	0	0	0	0	0	1	0	0	0	0	0	0	0	1	0	0	0	2	0	0	0	0	0	1	1	0	0	0	0	0	0	0	0	0	1	0	0	0	0	0	0	1	0	2	0	0	0	0	2	0	0	0	0	0	0	0	0	2	0	0	0	0	0	0	0	1	0	1	0	0	0	0	2	1
am0141	0	0	0	0	0	0	0	0	0	0	0	0	0	0	0	0	0	2	0	0	0	0	0	0	0	0	0	0	0	0	0	2	0	0	0	0	0	0	0	0	0	0	0	0	0	0	0	0	0	0	0	0	0	0	0	0	0	0	0	0	0	0	0	1	0	0	0	0	0	1	0	0	0	0	0	0	0	1	0	0	0	0	1	0	0	0	0	1	0	0	0	0	0	0	0	0	0	0	0	0	0	0	0	0	0	0	0	1	0	0	0	0	0	0	0	0	0	1	0	0	0	0	1	0	0	0	0	0	1	0	0	1	1	0	0	0	0	0	1	0	0	0	0	0	0	0	0	0	0	2	2	0
am0142	0	0	0	0	0	0	0	0	1	0	1	0	0	0	0	0	0	0	0	0	0	0	0	0	1	0	0	1	2	2	2	3	4	4	5	1	5	3	2	7	2	0	1	4	2	2	2	8	3	2	2	0	3	1	4	5	2	2	3	5	8	5	2	5	6	1	3	4	2	7	5	9	2	0	2	1	2	2	5	5	1	5	3	0	2	1	0	6	3	3	6	5	4	1	2	0	5	2	2	3	1	1	7	4	4	5	1	7	0	5	3	4	1	2	1	4	2	7	5	2	7	5	8	2	4	3	1	7	9	5	4	2	7	5	1	4	9	11	9	4	2	7	9	7	11	2	2	2	8	11	8	11
am0143	0	0	0	0	0	0	0	0	0	1	0	0	1	0	0	1	1	0	0	0	0	0	0	0	1	0	0	0	2	0	2	4	1	0	1	4	1	2	0	0	0	1	6	3	4	2	3	1	1	0	1	1	2	3	1	6	2	4	5	3	3	2	1	2	3	4	5	8	3	4	2	2	2	6	4	6	7	4	2	3	6	2	9	0	3	2	5	6	4	3	3	4	2	2	3	5	7	3	3	10	6	4	2	3	8	2	9	6	6	6	6	6	3	8	5	6	6	3	9	6	5	8	7	5	3	1	10	5	5	5	3	5	8	5	3	3	5	3	8	6	9	8	2	2	2	12	9	7	1	8	10	22
am0146	0	0	0	0	0	0	0	0	0	0	0	0	0	0	0	0	0	0	0	0	0	0	0	0	0	0	0	0	0	0	0	0	0	0	1	1	0	0	0	0	0	0	0	0	0	0	0	0	0	1	0	0	0	0	0	0	1	0	0	0	0	0	0	0	1	0	2	0	0	0	0	0	0	1	0	0	0	0	0	0	0	0	0	1	0	0	0	0	2	0	0	0	1	1	0	0	0	0	0	0	0	1	1	0	1	0	0	0	2	0	4	0	2	0	0	1	0	0	2	1	0	0	0	0	0	0	1	0	0	0	1	0	0	0	1	1	0	0	0	0	0	0	0	0	0	1	0	0	0	0	0	1
am0147	0	0	0	0	0	0	0	0	0	0	0	1	0	0	0	0	0	0	0	0	0	0	0	0	0	0	0	0	0	2	0	0	0	0	0	1	0	0	0	0	1	0	0	1	1	0	0	1	0	1	0	0	0	0	0	0	0	0	0	0	0	0	0	3	1	1	0	0	0	0	2	1	0	0	4	0	0	0	0	3	0	0	1	0	3	0	1	1	0	0	2	0	1	1	6	0	0	4	0	0	0	0	2	1	1	1	0	1	0	0	0	1	0	1	2	1	0	1	0	1	0	0	1	2	1	3	1	0	1	3	3	1	1	0	1	1	1	1	1	0	0	0	0	1	0	2	1	1	3	0	2	2
am0148	0	0	0	0	0	1	0	0	0	0	0	0	0	1	0	1	0	0	1	0	1	1	0	0	1	0	1	0	1	0	1	0	0	0	2	2	2	1	1	0	0	1	1	0	1	2	2	2	3	0	0	4	0	2	0	3	1	0	0	0	1	2	3	0	2	0	5	2	1	5	1	2	0	1	1	1	1	1	2	1	0	0	3	1	1	0	2	0	3	2	3	1	1	2	1	0	1	1	0	1	0	3	1	3	1	1	1	2	2	2	3	1	2	3	4	2	0	4	5	5	3	1	2	4	3	1	3	0	4	3	2	0	1	1	1	1	4	3	2	5	4	4	2	4	1	5	4	5	5	10	9	7
am0149	0	0	0	0	0	0	0	0	0	0	1	0	0	0	0	0	0	0	0	0	1	1	0	0	2	0	0	0	0	0	2	0	0	0	1	1	0	3	0	0	0	0	1	0	1	0	0	1	1	0	0	0	0	0	0	0	0	0	0	4	0	0	1	0	2	2	0	0	2	0	1	1	2	0	0	0	0	0	0	0	1	0	1	1	1	0	1	0	2	1	2	0	3	3	0	0	1	0	3	0	1	0	0	0	1	1	0	3	2	3	2	0	2	4	1	1	0	2	2	0	1	1	3	0	2	2	3	3	3	0	1	0	2	4	4	2	1	1	4	2	2	0	4	0	2	2	5	4	1	1	1	3
am0150	0	0	0	0	0	0	0	0	0	0	0	0	0	0	0	0	0	0	0	0	3	3	0	0	2	0	2	2	2	1	0	1	0	1	0	0	0	2	1	3	1	0	6	0	0	2	2	2	4	0	2	2	3	5	2	2	0	6	6	1	4	4	3	6	2	2	4	4	2	1	4	1	3	1	2	7	3	2	3	4	4	11	4	0	3	0	2	3	5	4	0	3	2	2	3	4	1	2	3	7	6	3	3	2	4	6	4	4	3	0	3	7	11	5	2	7	2	2	4	2	7	8	4	3	3	1	5	5	5	5	3	3	5	8	6	11	4	4	6	9	8	4	3	10	2	7	6	7	7	4	6	12
am0151	0	0	0	0	0	0	0	0	0	0	0	0	0	0	0	0	0	1	0	0	0	0	0	0	0	0	0	0	1	1	1	1	2	0	2	0	0	2	0	0	1	0	0	1	2	1	0	0	2	0	0	0	0	1	0	0	1	0	0	0	1	1	2	1	1	0	2	0	0	0	0	2	0	0	0	1	0	0	1	0	0	0	0	0	0	1	1	1	2	0	1	0	0	0	0	0	0	0	0	0	1	0	0	0	0	2	0	0	2	0	3	0	0	0	2	0	0	2	2	0	1	1	0	0	1	1	1	2	2	0	1	0	2	2	1	1	3	3	1	2	1	5	0	1	1	2	1	1	3	0	1	5
am0152	0	0	0	0	0	0	0	0	0	0	0	0	0	1	0	0	0	0	0	0	0	0	0	0	0	0	0	0	0	0	0	0	1	0	3	0	2	0	0	0	0	0	1	1	0	1	0	0	0	0	1	0	0	1	0	2	0	0	0	0	0	0	0	0	3	1	0	2	0	0	0	0	1	0	0	2	1	0	0	0	1	0	0	0	0	0	0	0	0	1	0	0	5	5	1	0	3	1	1	0	1	0	3	0	1	1	0	0	0	2	0	0	1	0	2	0	3	0	0	1	1	1	0	2	2	3	0	1	4	0	2	4	0	1	5	1	0	0	0	2	2	2	0	0	0	0	1	1	2	0	0	4
am0153	0	0	0	0	0	0	0	0	0	0	0	0	0	0	0	0	0	0	0	0	1	1	0	0	0	0	0	0	1	0	0	0	1	1	1	0	0	0	0	2	0	0	0	0	1	0	0	0	2	1	0	2	0	0	4	0	0	0	0	1	0	1	1	1	3	1	0	0	1	0	0	0	4	0	0	0	1	1	2	1	2	0	0	0	1	1	0	1	2	1	1	0	2	3	1	3	0	2	4	0	2	1	0	0	0	5	2	0	0	0	0	1	0	0	1	3	0	1	0	1	4	2	0	1	0	5	3	2	0	1	1	1	1	2	4	4	1	1	0	2	2	1	3	7	4	5	1	2	0	1	4	1
am0155	0	0	0	0	0	0	0	0	0	0	0	0	0	0	0	0	0	0	0	0	0	0	0	0	0	0	0	0	0	1	0	0	0	1	0	0	0	0	0	0	0	0	0	0	0	0	0	0	0	1	1	0	1	0	0	0	1	0	0	0	0	0	0	1	0	1	0	0	0	0	0	0	0	1	1	0	0	1	0	1	0	0	0	0	1	2	1	0	0	0	0	0	1	0	0	1	1	0	0	0	0	0	0	1	0	0	0	0	1	0	1	0	0	0	0	0	0	0	0	0	1	1	0	0	0	0	1	1	4	1	2	0	2	1	0	0	0	0	2	0	0	0	1	0	1	2	0	1	0	1	1	0
am0156	0	0	0	0	0	0	1	0	0	0	0	0	0	0	0	0	0	0	0	1	1	0	0	0	1	0	0	0	2	1	1	2	3	3	3	2	1	1	0	5	0	0	1	2	2	5	4	3	1	1	6	3	3	4	6	2	5	5	4	1	2	2	2	2	2	1	5	5	5	0	1	2	6	3	1	2	4	1	2	1	5	8	3	2	2	2	1	5	7	3	1	3	1	0	2	3	1	2	7	7	7	7	4	1	4	1	7	4	6	1	4	3	5	2	3	5	4	5	3	3	5	5	4	4	8	8	1	0	4	3	7	5	5	1	0	5	1	0	5	6	5	7	4	4	4	3	1	1	13	3	5	21
am0157	0	0	0	0	0	0	0	0	0	0	0	0	0	0	0	0	0	0	0	0	0	0	0	0	1	0	0	0	0	0	0	0	0	0	0	2	0	2	0	0	0	3	0	0	0	0	1	0	1	1	0	0	0	0	2	0	1	0	1	0	0	0	0	0	0	0	2	0	0	0	2	0	0	3	0	0	0	2	2	0	0	1	0	1	0	0	0	0	1	0	0	1	0	0	0	0	0	0	0	1	0	0	0	1	1	0	0	0	1	0	0	0	0	0	0	1	1	0	0	0	1	0	0	0	0	0	0	0	2	0	0	1	2	0	0	0	0	0	2	1	1	0	0	0	0	0	0	0	0	1	1	3
am0158	0	0	0	0	0	0	0	0	0	1	0	0	1	1	0	0	1	1	1	0	1	1	0	0	0	1	0	0	0	0	1	0	0	1	0	1	2	1	0	2	0	0	0	0	0	2	1	1	2	0	1	3	3	1	3	0	2	2	1	0	2	2	2	2	1	2	0	2	1	1	0	2	0	3	2	0	3	3	1	1	3	1	1	0	0	2	2	0	0	0	1	3	2	4	0	1	1	2	0	1	3	1	1	1	2	2	2	1	0	0	0	2	0	3	0	2	1	3	0	3	2	1	2	4	2	0	2	1	1	0	1	0	0	2	4	0	0	2	1	1	1	4	4	2	4	2	2	2	0	1	1	8
am0159	0	0	0	0	0	0	0	0	0	0	0	0	0	0	0	0	0	0	0	0	0	0	0	0	0	0	0	0	0	0	0	0	0	0	0	0	0	0	1	0	0	0	0	0	0	0	0	0	0	0	0	0	0	0	0	0	0	0	0	0	0	0	0	0	0	0	0	0	0	0	0	0	0	0	0	0	0	0	0	0	0	0	1	0	0	0	1	0	0	0	2	0	0	0	0	0	0	0	0	0	0	0	0	0	0	0	0	0	0	0	0	0	0	1	0	0	0	1	0	0	0	0	0	0	0	0	0	0	1	0	0	0	1	0	0	0	0	0	1	0	0	0	0	0	0	0	0	0	0	0	0	1
am0160	0	0	0	0	0	0	0	0	0	0	1	0	0	0	0	0	0	0	1	1	0	0	2	0	0	0	0	1	1	0	0	2	1	0	1	0	3	0	0	0	5	0	0	1	2	1	1	0	0	0	0	0	0	1	0	2	0	0	1	0	1	1	0	0	2	0	2	1	0	2	0	0	0	0	0	0	1	0	0	0	1	0	0	0	0	0	0	0	2	1	0	0	0	0	0	0	0	2	0	1	1	0	0	3	1	1	1	0	0	0	0	0	0	0	0	1	2	1	1	0	0	1	0	2	0	0	1	0	3	0	1	2	0	0	0	0	2	1	0	0	0	1	0	0	0	2	1	1	2	4	4	4
am0161	0	0	0	0	0	0	0	0	0	0	0	0	0	0	0	0	0	0	0	0	0	0	0	1	0	0	0	0	0	0	1	1	0	0	0	0	0	0	0	0	0	1	2	0	0	1	0	0	0	0	0	0	0	0	2	2	0	0	1	2	0	0	0	0	0	0	0	2	0	1	0	0	0	0	0	0	2	0	1	1	2	1	0	1	1	1	1	0	0	0	0	1	0	0	1	2	1	0	2	1	2	0	0	0	2	0	0	0	0	1	0	1	1	0	0	4	0	0	0	1	1	0	0	1	0	0	0	1	0	2	0	0	0	1	0	1	0	0	0	0	0	0	2	1	2	0	0	0	0	0	0	1
am0162	0	0	0	0	0	0	0	0	0	0	0	0	0	0	0	0	0	0	0	0	0	0	0	0	0	0	0	0	0	1	0	0	0	0	0	0	1	0	0	0	0	1	0	0	0	0	0	0	1	1	0	0	0	0	0	0	0	0	0	0	0	0	1	0	2	0	2	0	1	2	0	1	0	0	0	2	0	0	0	3	0	0	0	1	0	1	0	0	2	2	1	0	0	2	0	0	1	0	0	1	0	1	0	0	0	3	1	1	1	1	2	0	1	0	0	1	1	2	2	2	1	2	1	1	0	0	0	0	1	2	4	2	0	0	2	0	1	0	1	1	2	2	0	1	0	4	1	1	3	4	4	2
am0163	0	0	0	0	0	0	0	0	0	0	0	0	0	0	0	0	0	0	0	1	0	0	0	0	1	0	0	0	0	0	0	0	0	1	0	1	1	0	1	0	0	0	0	0	0	1	0	1	0	0	1	0	2	0	0	0	0	0	1	0	0	0	0	2	2	2	1	0	0	0	0	0	1	0	0	2	2	0	0	2	3	0	1	0	1	0	1	2	1	1	1	0	1	0	0	1	2	0	1	2	4	0	0	0	0	2	2	0	0	1	0	3	0	1	0	1	3	2	0	0	1	1	0	0	1	1	3	0	1	2	0	4	2	0	1	1	1	1	0	1	1	1	0	1	0	4	2	2	1	0	1	5
am0164	0	0	0	0	0	0	0	0	0	0	0	0	0	0	0	0	1	0	0	0	0	0	0	0	0	1	0	0	1	0	1	1	0	0	2	0	2	0	0	0	0	0	1	0	1	1	1	0	1	0	1	3	2	2	0	1	2	0	2	0	3	1	2	4	0	1	3	0	1	3	2	2	3	1	2	3	3	0	1	4	5	2	4	0	1	0	1	2	3	0	0	1	0	0	1	5	2	0	3	3	6	2	4	1	1	0	4	4	1	2	2	6	2	1	0	0	2	0	3	0	0	0	4	3	2	6	5	1	2	6	2	7	2	1	0	1	2	1	6	3	2	2	3	3	1	6	1	1	4	4	3	3
am0165	0	0	0	0	0	0	0	0	0	0	0	0	1	0	0	0	0	1	0	0	1	1	0	0	2	0	0	0	0	0	0	0	0	0	1	2	0	0	0	2	2	0	0	0	0	0	0	0	0	0	1	0	1	0	1	0	1	0	1	2	1	0	1	0	2	4	1	2	2	0	0	0	0	1	1	1	0	1	1	2	0	1	1	0	0	5	1	2	3	0	0	2	0	0	1	0	1	2	0	6	1	0	2	2	3	1	6	0	5	1	1	2	1	1	3	1	9	0	0	1	1	1	0	2	3	0	1	2	0	2	2	8	1	2	0	2	3	2	0	2	2	4	0	2	4	2	0	0	2	1	2	10
am0166	0	0	0	0	0	0	0	0	0	0	0	0	0	0	0	0	0	0	0	0	0	0	0	0	0	0	0	0	0	0	0	0	0	0	0	0	0	0	0	0	0	0	0	0	0	0	1	0	0	0	0	0	0	0	0	0	0	2	1	0	1	1	0	0	0	0	0	0	1	0	0	0	0	0	0	0	0	0	0	0	0	0	1	0	0	0	0	1	0	0	0	0	0	0	1	0	0	2	0	1	0	2	2	0	0	0	3	1	2	0	1	0	2	0	1	1	0	1	0	1	0	0	1	3	2	0	0	0	1	0	1	0	0	0	0	3	1	0	1	0	0	2	0	2	0	0	0	0	2	0	0	2
am0167	0	0	0	0	0	0	0	0	0	0	0	0	0	0	0	0	0	0	0	0	0	0	0	0	0	0	0	0	1	0	0	0	1	1	0	0	0	0	0	0	0	0	0	1	1	0	0	0	0	0	0	0	2	0	0	0	0	0	0	0	0	0	0	0	0	0	0	0	0	0	0	0	0	0	0	0	0	0	0	0	0	0	0	0	1	0	0	0	0	1	0	0	0	0	0	0	0	0	0	0	0	0	0	0	0	0	0	0	1	0	2	1	0	0	0	0	0	0	1	0	0	1	0	0	0	0	0	0	0	0	0	0	0	0	0	0	0	0	0	0	0	0	0	0	0	0	1	1	0	0	0	0
am0168	0	0	0	0	0	0	0	0	0	0	0	0	0	0	0	0	0	0	0	0	0	1	0	0	0	0	0	0	0	0	0	0	0	0	0	0	0	0	0	0	0	0	0	0	0	0	0	0	0	0	0	0	0	1	0	0	1	0	0	0	0	0	1	0	1	1	0	0	0	0	0	0	0	0	0	0	0	0	0	0	0	0	0	0	0	0	0	0	0	1	0	1	0	0	0	0	1	1	0	0	0	0	0	0	1	2	0	0	0	0	0	0	0	0	2	0	0	0	0	0	0	0	0	1	1	0	0	0	0	0	0	0	0	0	0	0	2	2	0	1	1	1	0	0	0	0	1	1	1	0	0	1
am0169	0	0	0	0	0	0	0	0	0	0	0	0	1	0	0	0	0	1	0	1	0	0	0	0	0	0	0	0	1	0	0	1	2	0	0	0	0	0	3	0	0	0	0	1	0	0	1	0	1	0	0	1	0	2	0	1	1	1	0	1	1	1	2	0	0	0	0	0	2	0	1	0	2	0	0	0	0	0	0	1	0	0	3	0	2	1	2	0	0	3	1	1	1	1	1	2	0	1	3	0	0	0	1	0	1	0	1	0	4	1	4	0	2	3	1	1	0	2	3	1	1	4	0	1	2	3	0	3	3	2	3	0	1	3	1	1	2	2	1	2	2	1	2	1	2	0	3	3	5	1	1	3
am0171	0	0	0	0	0	0	0	0	0	0	0	0	0	0	0	0	0	0	0	0	0	0	0	1	0	1	0	1	3	0	0	0	2	3	0	0	0	2	2	0	1	0	0	2	1	1	0	0	0	0	1	1	3	0	0	0	1	2	0	0	0	0	1	2	5	1	0	1	0	3	5	4	0	1	1	1	1	1	0	1	0	0	0	0	0	1	1	1	0	2	1	0	1	1	0	0	0	0	0	0	1	2	2	0	0	4	2	0	0	1	0	1	2	0	4	0	3	0	0	2	1	2	2	0	2	0	0	0	0	2	5	4	1	0	2	4	3	3	0	3	3	3	1	4	1	3	1	1	5	6	6	3
am0172	0	0	0	0	0	0	0	1	0	0	0	0	1	0	0	0	0	1	0	0	1	1	1	0	0	0	0	0	1	0	2	2	0	0	0	0	0	1	1	1	0	1	0	2	2	0	1	1	0	0	1	1	0	0	2	3	1	1	1	0	2	2	0	0	0	0	0	1	0	1	3	4	2	1	0	0	0	3	0	0	0	1	0	0	0	1	1	4	1	1	1	0	1	1	0	0	0	1	2	1	0	0	2	0	0	1	1	1	0	0	1	0	0	0	2	1	1	1	1	0	1	2	1	1	3	4	0	0	0	0	0	3	2	0	2	1	3	2	1	1	1	3	3	2	3	1	0	1	2	1	1	2
am0173	0	0	0	0	0	0	0	0	0	0	0	0	0	0	0	0	0	0	0	0	0	0	0	0	0	0	0	0	0	0	0	0	0	0	0	3	2	0	1	1	0	0	0	0	0	1	0	0	0	1	0	0	1	0	2	1	0	0	0	0	2	1	0	0	0	0	1	1	0	2	0	0	0	1	2	0	0	1	0	1	0	0	0	1	0	2	1	0	0	0	1	0	0	0	1	0	0	1	0	2	0	1	0	2	0	0	2	0	0	0	0	0	0	0	0	0	2	0	0	2	0	0	0	1	0	0	0	0	1	1	0	0	1	0	0	0	0	0	1	0	0	0	1	0	2	0	0	0	0	1	0	4
am0174	0	0	0	0	0	0	0	0	0	0	0	0	1	0	0	1	0	0	0	0	0	2	0	0	1	0	0	0	1	0	0	2	0	1	1	0	1	0	0	1	1	1	0	3	3	1	2	1	1	1	1	4	1	2	0	2	1	0	1	2	2	2	2	2	0	2	0	1	2	1	0	3	0	2	1	0	2	3	1	2	3	3	0	2	2	0	0	0	1	3	0	1	0	1	2	4	0	4	0	1	3	1	1	2	2	1	1	1	9	2	5	3	7	2	4	1	0	2	2	3	3	3	2	6	3	0	3	6	3	5	1	0	1	5	2	5	1	1	2	4	5	4	1	5	1	3	5	5	0	5	5	9
am0175	0	0	0	0	0	0	0	0	0	0	0	0	0	0	0	0	0	0	0	0	0	0	0	1	1	1	0	0	3	0	6	2	1	2	4	3	2	6	1	0	0	0	2	1	6	0	6	2	2	1	1	4	1	1	2	3	1	7	1	7	2	3	3	0	2	6	3	2	5	3	3	1	3	0	3	1	1	3	1	2	2	1	1	1	4	4	3	4	2	2	4	4	1	1	4	2	5	5	3	1	2	6	2	6	5	2	3	4	2	4	3	1	5	5	8	6	3	8	9	6	4	3	4	5	5	3	4	10	7	2	5	3	4	12	2	7	10	12	6	3	4	8	11	9	11	5	15	14	7	7	8	15
am0176	0	0	0	0	0	0	0	0	0	0	0	0	0	0	0	0	0	0	0	0	0	0	0	0	0	0	0	0	0	1	0	0	0	0	0	0	0	0	0	0	0	0	0	0	0	0	0	0	0	2	0	1	0	0	0	0	0	0	0	0	0	0	0	0	0	0	0	0	0	0	0	0	0	0	0	0	0	0	1	0	0	0	0	0	0	0	0	0	0	0	0	2	0	0	1	1	0	0	0	0	0	1	0	0	1	0	0	0	0	1	0	0	1	0	0	0	0	0	0	0	0	1	0	0	1	0	0	0	0	0	1	0	0	0	0	1	0	0	0	0	0	0	0	1	0	0	0	0	2	0	0	0
am0177	0	0	0	0	0	0	0	0	0	0	0	0	0	0	0	0	2	0	0	0	0	0	1	0	0	2	1	1	0	1	0	0	0	0	0	1	0	1	0	1	1	1	0	0	0	0	0	0	2	0	0	0	0	0	1	0	1	0	0	3	2	2	1	0	0	1	0	0	2	0	2	0	0	1	0	0	0	0	6	0	0	0	1	0	0	2	1	0	0	0	0	6	0	0	0	0	0	0	0	0	0	0	1	0	2	1	0	1	1	0	1	0	3	1	1	3	2	0	0	2	1	1	1	2	1	0	3	2	0	0	0	1	0	3	1	4	0	0	1	0	0	0	0	5	1	2	1	1	3	0	0	2
am0178	0	0	0	0	0	0	0	0	0	0	0	0	0	0	0	0	0	1	0	0	0	0	0	0	0	0	0	3	3	1	0	1	0	0	1	2	2	0	0	1	4	0	0	0	0	3	1	1	0	0	2	0	0	0	1	0	0	1	2	2	1	0	0	0	0	0	2	0	2	1	1	1	0	0	2	1	1	0	0	0	2	1	3	0	3	2	3	0	3	1	2	0	1	1	2	2	2	2	0	2	2	0	2	7	0	0	1	1	0	6	2	2	0	5	4	0	1	8	2	0	7	4	1	1	4	0	1	2	10	0	1	0	3	2	1	0	0	1	4	2	3	2	4	0	5	2	2	3	0	10	10	7
am0179	0	0	0	0	0	0	0	0	0	0	0	0	0	1	1	0	1	0	1	1	0	0	2	1	0	1	0	1	1	0	2	0	0	0	1	0	0	1	2	0	1	4	0	0	1	0	0	0	2	0	2	0	0	0	2	0	1	1	1	2	1	3	2	0	1	1	3	2	0	1	2	1	1	1	1	2	5	3	3	0	4	1	1	2	1	2	4	0	2	4	4	2	4	4	1	0	1	1	1	1	5	2	1	1	2	2	1	0	1	0	0	2	2	1	2	2	2	4	1	2	1	4	0	0	0	1	3	3	1	1	7	5	0	2	4	2	2	2	0	3	1	1	2	3	2	3	3	2	6	3	4	6
am0180	0	0	0	0	0	0	0	0	0	0	0	0	0	0	0	0	0	0	0	0	0	0	0	1	0	1	0	0	0	0	2	0	0	0	0	0	1	2	0	0	0	0	0	0	0	1	0	0	0	1	0	0	0	0	0	0	0	0	0	0	0	0	0	0	0	0	0	0	0	0	1	0	1	0	1	0	0	0	0	0	0	0	0	1	2	0	0	1	0	0	1	0	0	0	2	2	1	1	1	0	0	0	0	1	0	0	0	1	0	2	0	0	0	2	0	0	1	1	0	0	1	0	1	1	0	0	0	4	0	0	0	2	1	4	0	0	0	0	1	1	1	0	1	0	1	0	2	2	0	0	2	2
am0181	0	0	0	0	0	0	0	0	0	1	0	0	1	0	0	2	2	0	0	0	0	0	0	0	1	1	0	1	1	0	0	0	0	0	4	0	4	1	2	0	1	0	0	2	3	5	2	0	0	0	3	2	2	3	2	0	1	0	1	1	1	2	1	4	3	5	1	3	2	4	2	0	1	0	8	1	0	2	3	3	1	1	1	0	4	4	2	1	4	2	1	3	4	2	3	3	3	3	1	3	1	1	4	9	2	3	2	0	5	1	6	3	4	1	2	1	3	3	7	1	2	2	0	3	5	3	3	3	3	1	4	3	2	2	2	6	3	2	1	2	3	2	3	5	5	2	8	8	7	10	10	7
am0182	0	0	0	0	0	0	0	0	0	0	0	0	0	1	0	0	0	0	1	0	1	1	0	0	0	0	0	0	0	0	0	0	0	0	0	1	1	1	0	0	0	0	0	1	1	1	1	1	0	0	1	2	0	0	0	0	0	1	1	1	4	3	0	1	1	0	2	0	1	1	3	1	0	3	2	0	0	3	1	0	0	0	1	0	1	2	0	1	1	1	2	1	3	3	1	1	2	3	0	1	0	4	4	2	2	2	1	2	0	1	0	0	3	1	1	4	2	3	0	0	1	1	2	2	3	2	0	1	2	0	0	2	1	1	3	0	0	0	3	3	2	2	1	3	2	0	1	2	2	1	1	5
am0183	0	0	0	0	0	0	0	0	0	0	0	0	0	0	0	0	0	0	0	0	0	0	0	0	2	0	0	0	1	0	1	0	1	1	0	0	1	1	1	1	0	0	3	0	0	0	0	3	0	0	1	0	0	1	0	1	1	1	0	1	1	1	1	0	1	1	3	1	1	2	1	1	3	0	1	2	3	1	0	0	4	1	1	0	0	0	0	1	4	1	0	1	2	2	1	0	1	2	5	0	4	1	1	1	2	3	1	2	2	0	1	0	1	0	1	1	2	1	1	1	2	1	2	2	2	2	2	0	1	0	2	0	2	0	4	1	3	3	2	1	1	0	4	3	3	2	2	1	2	3	2	4
am0184	0	0	0	0	0	0	0	0	0	0	1	1	0	0	1	0	0	0	0	0	0	0	0	2	1	4	1	1	2	1	0	0	2	0	1	0	1	0	0	0	1	0	0	3	3	2	1	0	2	1	2	0	0	1	2	0	3	0	2	1	1	1	4	2	0	2	0	2	1	1	0	0	0	3	1	1	0	3	1	3	1	2	2	0	4	1	0	3	0	1	0	2	2	0	3	2	2	1	0	2	1	0	0	3	1	1	0	3	2	1	2	1	1	0	3	1	0	1	2	2	0	1	3	3	0	4	3	1	3	2	0	3	4	1	2	2	2	2	3	1	1	0	2	4	3	2	1	1	0	3	3	2
am0185	0	0	0	0	0	0	0	0	0	0	0	0	0	0	0	0	0	0	0	0	0	0	1	0	0	1	0	0	0	0	0	0	0	0	0	0	0	0	0	0	0	1	0	0	0	0	0	0	0	0	0	0	0	0	0	0	1	0	0	0	0	1	1	0	0	0	0	0	0	0	0	0	0	0	0	0	0	1	0	0	0	0	0	0	0	0	0	0	0	0	0	0	0	1	0	0	0	0	0	0	0	0	0	0	0	0	0	0	0	0	0	0	0	0	0	0	0	0	0	0	0	0	0	0	1	1	0	0	0	0	0	0	0	0	1	0	0	0	0	0	0	0	0	0	0	0	0	0	1	0	0	0
am0186	0	0	0	0	0	0	0	0	0	0	0	0	0	0	0	0	0	0	0	0	0	0	0	0	0	0	0	0	0	0	0	0	0	0	0	0	0	0	0	0	0	0	0	0	0	0	0	0	0	0	0	0	0	0	0	0	0	0	0	0	0	0	0	0	0	0	0	0	0	0	0	0	0	0	0	0	0	0	0	0	0	0	0	0	0	0	0	0	0	0	0	0	0	0	0	0	0	0	0	0	0	0	0	0	0	0	0	0	0	0	0	0	0	0	0	0	0	0	0	0	0	0	0	0	0	0	0	0	0	0	0	0	0	0	0	0	0	0	0	0	0	0	0	0	0	0	0	0	0	0	0	0
am0187	0	0	0	0	0	0	0	0	0	0	0	0	0	0	0	0	1	0	0	2	0	0	0	1	0	2	0	0	1	1	0	3	2	0	4	2	0	0	1	0	1	0	1	0	0	0	1	0	3	2	3	2	0	1	0	3	4	1	1	1	1	0	3	0	3	2	2	1	1	2	1	0	2	3	2	2	1	2	4	1	5	1	2	1	4	2	2	0	1	1	3	2	4	3	4	1	1	4	2	1	5	4	5	6	1	2	2	2	2	5	4	1	2	6	3	3	2	2	2	4	3	3	2	4	2	5	2	3	2	3	5	3	2	6	4	5	2	2	2	1	5	3	0	7	1	2	4	4	2	5	5	8
am0188	0	0	0	0	0	0	0	0	0	0	1	0	0	0	0	0	0	0	0	0	0	0	0	0	0	0	0	0	0	0	4	2	0	0	0	0	1	2	1	0	0	0	0	0	0	0	1	0	0	0	1	2	0	0	0	3	1	1	0	3	0	0	0	1	0	1	0	1	1	1	2	2	0	1	0	1	0	0	0	2	0	0	1	0	0	0	0	1	0	0	1	1	0	0	2	2	0	4	0	0	0	0	6	0	1	0	0	2	0	0	2	1	1	1	1	0	1	2	3	2	3	1	2	4	0	1	1	3	2	2	0	2	2	2	0	3	3	3	3	3	3	4	0	2	0	1	4	3	0	1	1	3
am0189	0	0	0	0	0	0	0	0	0	1	0	0	0	0	0	0	3	0	0	0	0	0	0	0	0	2	0	0	1	0	0	0	2	0	1	1	1	0	2	1	0	0	0	2	1	0	0	0	1	0	1	0	2	0	2	0	2	0	0	0	1	3	2	0	0	1	1	0	2	3	1	0	0	1	0	0	1	2	1	0	0	0	3	0	0	0	1	0	1	2	3	3	1	1	0	0	0	1	0	0	0	2	2	0	2	0	0	3	4	2	2	2	2	2	4	1	1	4	2	1	0	1	3	1	2	1	1	1	4	0	1	1	2	0	1	2	3	4	4	2	1	3	3	2	3	1	1	0	2	2	2	6
am0190	0	0	0	0	0	0	0	0	0	0	0	0	0	0	0	0	0	0	0	0	0	0	0	0	0	0	0	0	0	0	0	0	0	0	1	0	0	0	0	0	0	0	1	0	1	0	0	1	0	0	0	1	0	1	0	1	0	1	0	1	1	1	0	2	2	0	0	1	1	0	1	1	0	0	1	0	1	1	1	1	1	0	0	0	1	0	0	0	0	1	0	1	1	0	1	1	0	0	0	0	1	0	1	1	0	2	1	1	1	0	3	0	0	1	1	0	0	0	2	0	0	1	1	0	1	0	0	2	0	0	1	0	0	2	1	0	2	2	1	2	1	1	1	1	0	0	1	1	2	2	2	0
am0192	0	0	0	0	0	0	0	0	0	0	0	0	0	0	0	0	0	0	0	0	0	0	0	0	0	0	0	0	0	0	0	0	0	0	0	0	0	0	0	0	0	0	0	1	1	0	1	0	0	0	3	1	0	0	0	0	0	1	2	1	0	0	0	1	2	0	0	0	2	0	1	0	1	1	2	0	1	1	0	0	0	2	0	0	1	0	0	0	0	2	0	0	1	1	2	2	0	1	1	2	0	0	1	1	0	2	0	0	3	0	1	0	1	1	2	1	1	0	1	0	0	2	0	0	2	1	0	2	0	0	2	1	0	3	1	1	0	0	0	0	0	2	0	1	0	0	4	4	5	0	0	5
am0194	0	0	0	0	0	0	0	0	0	1	0	0	1	1	0	0	1	1	2	2	0	0	1	0	0	0	1	1	0	1	0	1	0	0	1	0	0	0	1	0	2	1	1	0	1	0	0	0	0	0	0	0	0	1	0	1	1	1	0	0	0	0	1	0	0	0	0	0	0	0	1	0	0	1	0	0	1	1	0	0	1	0	0	0	0	0	0	0	0	0	0	0	1	2	1	0	0	1	1	0	1	1	1	0	0	1	1	1	0	1	0	0	1	0	2	0	0	0	0	2	1	1	1	1	2	0	0	0	0	0	0	0	0	0	2	1	1	1	1	3	1	3	1	0	0	0	0	0	0	0	0	2
am0195	0	0	0	0	0	0	0	0	0	0	1	0	1	0	0	0	1	0	0	0	0	0	0	0	0	1	0	0	0	1	0	0	0	2	0	1	0	0	0	1	0	0	0	0	0	0	0	2	1	1	0	0	0	0	0	0	0	0	1	0	0	1	1	0	0	1	1	0	0	0	1	2	0	1	0	0	1	2	0	1	0	1	0	0	1	5	1	1	0	3	1	3	0	2	2	0	0	2	0	1	0	1	1	0	3	0	2	0	0	0	0	0	2	0	3	2	0	1	0	2	1	2	0	3	2	0	2	0	0	2	0	1	1	0	2	0	1	1	0	0	0	4	2	1	6	3	3	3	0	0	1	7
am0196	0	0	0	0	0	0	0	0	0	0	0	0	0	0	0	0	0	0	0	0	0	0	0	0	0	0	0	2	0	1	1	1	1	0	0	0	1	0	1	0	2	1	2	1	0	1	1	0	0	1	0	1	0	1	0	1	2	0	0	0	0	0	1	0	1	1	0	0	2	0	2	0	0	2	0	1	1	0	1	0	0	0	2	1	2	1	1	1	0	3	1	2	0	0	1	1	1	3	0	1	0	4	0	2	1	1	1	1	3	0	1	2	1	1	3	2	0	1	1	3	0	3	1	4	5	0	0	1	1	2	2	1	2	1	1	0	0	1	1	0	0	1	2	2	3	0	2	2	4	3	3	4
am0197	0	0	0	0	0	0	0	0	0	0	0	1	0	0	1	0	0	0	0	0	0	0	0	0	0	0	0	0	0	1	0	0	0	1	0	0	0	0	2	0	1	0	1	0	0	0	1	2	0	0	1	0	1	1	0	0	2	0	0	0	0	1	0	1	0	1	0	0	0	0	0	1	0	2	1	0	1	1	0	0	0	0	1	0	0	1	0	0	0	0	1	0	1	1	2	0	1	2	0	0	0	1	0	0	0	0	0	2	0	2	0	1	2	0	3	0	0	0	0	2	0	0	2	2	3	0	1	0	1	0	4	0	1	0	1	2	2	2	2	0	1	1	2	1	2	1	0	0	2	0	0	1
am0198	0	0	0	0	0	0	0	0	0	0	0	1	1	0	1	1	0	1	2	3	0	0	1	0	1	1	1	2	0	4	2	3	2	1	2	1	0	1	0	1	4	5	1	3	3	1	0	1	0	4	2	3	0	0	1	3	1	1	0	0	0	0	0	2	4	2	0	2	0	1	4	0	2	2	2	2	0	1	0	0	2	1	3	8	1	1	3	1	1	0	2	0	5	3	3	5	3	4	2	2	2	2	5	2	2	3	3	0	0	4	0	1	1	3	1	1	1	2	0	2	1	0	0	4	3	3	2	1	1	1	5	0	2	1	4	0	0	0	1	3	3	0	1	1	2	9	2	3	5	7	12	8
am0199	0	0	0	0	0	0	0	0	0	0	1	0	0	0	0	0	0	0	1	1	0	0	0	0	0	0	0	0	1	0	0	1	0	1	2	2	2	0	3	0	0	0	3	1	1	1	3	2	0	1	5	1	1	4	0	1	2	2	5	6	1	2	1	7	2	3	0	1	5	3	3	3	1	2	1	2	3	2	1	4	0	3	1	2	4	5	0	1	0	3	3	0	5	1	4	4	3	6	2	6	0	2	3	2	4	4	5	2	3	7	2	2	1	2	2	4	5	4	2	7	5	3	2	8	2	5	4	3	3	2	4	4	2	3	3	4	5	4	3	11	12	3	2	3	4	8	8	8	6	6	11	9
am0200	0	0	0	0	0	0	0	0	0	0	0	0	0	0	0	0	0	0	0	0	0	1	0	0	1	0	0	0	2	0	0	0	1	0	0	1	0	0	0	0	0	0	0	1	0	0	0	0	1	0	0	0	1	0	1	0	1	0	0	0	0	1	1	0	0	0	2	0	0	0	0	0	2	1	1	0	2	1	0	0	1	0	0	0	1	0	0	1	1	0	1	0	2	2	1	0	0	1	2	0	1	1	0	1	0	2	0	0	0	3	1	2	0	0	1	1	0	1	1	1	2	1	0	1	1	2	1	1	0	1	0	2	1	1	3	0	0	0	0	4	5	1	1	1	1	0	1	1	0	3	3	2
am0201	0	0	0	0	0	0	0	0	0	0	0	0	0	1	0	0	0	0	1	1	0	0	0	1	1	0	0	0	0	3	0	0	0	3	1	0	0	2	1	2	2	0	0	1	1	2	1	3	2	1	0	2	1	2	0	1	2	2	1	0	2	2	3	2	0	3	0	3	1	1	3	2	0	0	3	2	1	2	1	1	0	2	2	0	2	2	2	2	1	0	0	1	4	4	2	3	2	0	0	1	0	5	2	2	3	1	1	2	1	1	4	2	1	1	2	5	2	0	2	6	0	1	3	2	1	0	6	1	3	3	2	2	6	1	4	0	5	7	5	3	2	3	4	4	4	4	2	2	4	2	1	8
am0202	0	0	0	0	0	0	0	0	0	0	0	0	0	0	0	0	0	0	0	0	0	0	0	0	1	0	0	0	0	0	0	1	0	0	1	0	0	0	1	0	0	0	0	1	2	1	0	1	1	2	0	1	0	0	0	1	3	0	0	1	0	0	2	0	0	0	1	1	0	0	0	1	0	1	0	0	2	0	1	0	0	0	1	2	0	0	0	1	1	1	1	0	0	0	0	0	0	0	0	0	0	3	0	0	2	1	0	2	0	1	1	0	2	1	0	4	0	1	1	3	0	0	2	1	2	0	0	3	2	0	0	1	2	1	1	1	0	1	2	0	1	0	2	2	1	0	1	2	0	0	0	3
am0203	0	0	0	0	0	0	0	0	0	0	0	0	0	0	0	0	1	0	0	0	0	0	0	0	0	1	1	2	0	0	1	0	1	5	1	4	0	1	2	2	2	0	2	1	1	3	1	6	1	2	2	1	4	2	3	1	3	1	2	2	0	0	2	3	2	0	1	5	2	2	4	3	3	4	1	2	3	3	2	3	3	3	1	5	3	3	3	0	0	4	4	3	1	2	4	4	0	3	3	4	4	2	4	2	2	4	4	4	4	2	6	8	5	4	2	1	3	7	7	8	1	4	4	6	4	6	3	3	5	7	3	0	1	4	2	13	5	6	4	3	2	7	10	7	8	6	8	7	4	7	7	15
am0204	0	0	0	0	0	0	0	0	0	0	0	0	0	0	0	0	0	0	0	0	0	0	0	0	0	0	0	0	1	0	0	0	1	1	1	0	1	0	1	1	0	2	0	1	0	1	0	1	0	1	0	0	2	1	1	1	0	0	0	0	0	0	0	2	0	0	0	1	0	1	0	1	1	0	2	1	0	0	1	1	0	1	1	2	0	1	1	0	0	0	3	1	1	0	0	1	0	0	1	0	0	0	1	1	0	1	0	1	2	0	2	2	1	1	1	2	0	3	0	1	0	0	1	2	1	1	0	1	3	1	0	0	2	1	0	2	1	1	3	1	1	2	2	4	2	0	1	1	0	2	2	2
am0205	0	0	0	0	0	0	0	0	0	0	1	1	0	0	1	0	0	0	0	0	0	0	0	1	0	1	0	0	0	2	0	0	0	2	0	0	0	0	0	0	0	0	0	1	1	0	1	1	1	4	0	0	1	2	0	0	0	1	1	2	0	0	1	2	0	0	0	0	1	1	2	1	0	0	1	0	0	0	0	1	0	2	0	2	1	0	1	1	0	0	1	0	0	0	1	0	1	0	0	1	0	0	2	0	0	0	0	2	1	2	2	1	1	0	1	0	1	1	1	0	1	1	2	0	1	0	0	1	0	4	0	2	1	0	0	1	2	2	2	2	4	2	3	0	2	1	1	1	0	2	3	2
am0206	0	0	0	0	0	0	0	0	0	1	0	0	0	0	0	0	1	0	0	1	0	0	0	0	0	0	0	0	1	1	0	1	0	0	0	0	0	2	0	3	1	0	3	0	0	0	0	0	1	0	2	0	0	0	3	1	0	3	1	2	0	0	0	1	1	1	0	0	1	1	2	1	2	0	1	2	0	0	2	2	3	2	3	0	2	2	2	0	0	3	2	2	2	2	0	1	2	0	3	2	3	2	0	2	2	3	3	4	1	2	1	2	1	3	1	2	0	1	4	2	2	2	5	1	1	3	3	1	1	2	0	0	2	1	4	1	2	3	5	1	2	0	7	1	5	3	8	8	1	3	2	4
am0207	0	0	0	0	1	0	0	0	0	1	1	2	1	0	2	1	1	1	0	1	2	0	2	2	0	2	1	1	0	0	0	1	1	2	1	2	5	0	3	1	3	1	1	4	4	2	0	2	1	4	0	1	0	2	2	1	0	2	2	2	3	5	1	2	1	2	0	0	2	4	5	2	1	0	6	1	2	2	1	2	3	3	4	4	4	0	2	3	2	0	6	2	1	0	1	2	3	3	1	5	3	2	5	9	1	2	7	3	3	3	2	3	4	2	3	1	8	4	3	4	1	1	5	5	4	2	1	3	2	5	6	5	3	2	1	4	2	1	3	3	4	7	4	4	3	5	7	7	9	10	11	19
am0208	0	0	0	0	0	0	0	0	0	0	1	1	1	1	2	1	0	0	2	1	0	0	1	0	1	0	1	1	0	1	2	1	1	0	0	1	2	1	1	6	0	0	2	4	3	5	1	2	2	1	0	0	0	3	8	2	2	4	2	2	1	6	3	0	2	0	2	6	2	2	4	2	1	2	1	2	5	7	2	2	3	1	3	2	2	1	4	4	3	4	1	2	0	2	1	1	0	3	1	2	3	4	3	1	3	1	4	4	0	1	3	2	6	4	3	2	3	0	5	6	0	3	4	6	7	2	0	2	2	4	6	3	4	3	2	8	3	1	4	4	3	8	9	4	8	5	4	5	12	4	8	14
am0209	0	0	0	0	0	0	0	0	0	0	0	0	0	0	0	0	0	0	0	0	0	0	0	0	0	0	0	0	1	0	0	0	0	0	1	0	0	0	0	0	0	0	0	0	0	0	0	0	0	0	1	0	1	0	0	0	0	0	1	1	0	0	0	0	0	0	0	0	0	1	0	0	0	0	0	0	1	0	0	0	0	2	0	0	3	0	0	0	0	0	1	1	0	0	1	0	0	0	0	1	0	1	0	0	2	0	0	1	0	1	0	1	1	0	1	1	0	1	1	2	1	0	1	1	3	1	0	2	0	0	1	0	1	1	0	2	0	0	1	1	1	0	0	1	0	0	2	3	2	2	2	2
am0210	0	0	0	0	0	0	0	0	0	0	0	0	0	0	0	0	1	0	0	0	0	0	0	0	0	1	0	0	1	0	0	0	1	1	2	0	0	0	0	0	0	0	0	1	1	0	2	0	1	3	1	0	2	1	0	0	2	1	0	0	0	0	0	1	0	0	0	0	2	0	2	0	1	2	1	1	2	0	4	3	1	0	2	3	2	2	4	0	0	0	0	3	0	0	2	0	1	1	1	0	2	0	2	2	2	0	0	0	3	2	4	4	0	3	0	5	0	2	3	2	1	0	0	1	0	3	2	1	3	3	0	0	1	1	0	2	1	1	1	1	1	0	2	4	1	4	1	1	1	6	6	4
am0211	0	0	0	0	0	0	0	0	0	0	0	0	1	1	0	0	0	1	0	0	1	1	0	1	1	0	0	1	1	2	1	0	1	1	0	1	0	1	0	0	1	0	1	1	1	0	1	0	1	2	1	0	1	1	2	0	2	0	0	2	1	0	2	0	1	0	2	0	1	1	0	1	3	1	0	3	2	1	2	0	3	0	3	0	3	2	4	1	2	2	2	1	0	1	3	2	2	5	4	0	4	3	0	0	0	2	0	1	3	4	4	0	2	4	1	1	1	2	1	4	3	4	2	3	0	7	0	3	1	0	2	2	1	3	1	5	5	6	1	2	2	1	7	5	6	1	3	5	5	2	3	7
am0212	0	0	0	0	0	0	0	0	0	0	0	0	0	1	1	0	0	0	1	0	0	0	1	1	0	1	0	0	1	1	0	0	1	1	1	0	0	0	1	0	0	0	1	0	1	0	0	0	0	1	0	0	0	0	0	0	0	1	1	1	0	0	0	0	1	0	0	0	1	0	0	0	2	0	0	2	0	0	0	0	0	1	0	0	0	0	0	1	0	0	1	0	0	0	0	0	0	0	2	1	1	2	0	1	0	0	1	1	0	0	0	1	0	1	0	1	1	0	1	0	0	0	1	0	1	2	0	0	0	1	1	1	1	1	0	1	0	1	1	0	0	2	1	2	1	0	2	2	3	1	1	2
am0213	0	0	0	0	0	0	0	0	0	0	0	0	0	0	0	0	0	0	0	0	0	0	0	0	0	0	1	1	0	0	1	0	1	0	0	1	2	1	0	1	0	0	0	1	0	1	2	0	2	1	1	1	0	3	1	0	0	0	0	0	2	0	1	0	0	0	1	0	0	2	0	0	1	0	0	1	0	1	1	0	0	0	1	1	1	4	3	1	0	2	2	0	1	1	2	1	1	2	1	0	1	1	0	0	0	2	0	1	0	2	0	1	1	3	0	0	1	4	1	1	3	3	1	1	0	2	0	1	4	1	0	1	2	2	3	1	1	1	2	3	3	0	1	1	2	0	2	1	1	1	0	3
am0214	0	0	0	0	0	0	0	0	0	0	2	0	0	0	0	1	0	0	0	1	0	0	0	0	0	0	1	0	0	0	0	1	0	0	0	0	0	0	0	1	0	1	0	0	0	0	0	0	0	0	0	1	0	0	0	2	0	0	0	0	0	0	0	0	0	0	0	1	1	0	0	0	0	0	0	1	0	0	0	0	0	0	0	1	0	1	0	0	0	0	0	0	0	0	0	0	1	1	0	0	0	1	0	1	0	1	0	0	1	2	0	0	1	0	0	0	0	0	0	0	3	2	0	1	0	0	0	0	0	0	1	0	0	0	1	0	0	0	0	1	1	0	0	0	0	0	0	1	0	1	1	1
am0215	0	0	0	0	0	0	0	0	0	0	0	1	0	0	2	1	0	0	0	0	0	0	2	0	0	0	1	0	1	2	0	0	0	0	2	0	0	0	0	1	0	1	0	1	1	0	0	0	0	3	0	2	1	0	1	1	0	0	1	4	0	0	0	0	1	0	0	1	5	1	1	0	2	0	0	0	2	0	0	0	1	1	0	1	5	1	1	1	0	0	0	0	0	0	2	1	0	0	2	2	1	0	3	0	0	2	1	1	3	2	2	2	0	3	1	2	1	0	1	2	2	0	1	2	0	4	1	3	1	1	1	1	2	5	1	0	2	3	1	3	3	2	1	2	1	4	4	5	2	3	5	7
am0216	0	0	0	0	0	0	0	0	0	0	1	0	0	0	0	1	0	0	0	0	4	3	1	0	1	0	1	0	2	1	5	1	4	5	1	3	7	4	2	6	1	1	5	5	4	3	3	4	3	1	1	5	3	2	4	1	1	5	2	2	3	2	1	2	2	4	6	2	1	4	0	4	5	2	5	5	4	2	3	4	3	2	1	1	2	1	1	4	5	3	4	2	2	2	1	5	1	2	8	4	3	8	2	8	1	2	2	1	1	1	2	4	8	2	3	3	5	4	3	9	3	2	3	6	3	4	9	2	4	9	2	4	4	3	3	7	6	6	3	4	4	9	3	4	4	7	6	7	3	11	9	19
am0217	0	0	0	0	0	0	0	0	0	0	0	0	0	0	0	0	0	0	0	0	0	0	1	0	0	0	0	0	0	0	2	0	0	0	1	0	0	2	1	1	0	2	1	0	0	0	0	0	1	2	1	0	1	0	1	0	0	0	1	0	0	0	1	2	2	1	0	0	0	0	0	0	1	1	1	0	0	1	0	1	0	1	1	3	1	1	1	0	0	2	0	2	1	1	1	0	1	0	1	1	0	0	1	0	2	2	1	1	1	1	1	2	0	2	0	1	0	0	0	2	0	1	1	2	1	0	3	0	0	1	0	0	0	1	1	3	2	1	1	0	0	1	0	4	0	3	2	2	0	0	1	0
am0218	0	0	0	0	0	0	0	0	0	0	0	0	0	0	0	0	0	0	0	0	0	0	0	1	0	1	0	0	0	1	2	0	1	0	0	0	0	2	0	0	1	0	0	2	1	0	3	0	0	0	0	2	2	1	0	0	0	2	1	1	0	0	0	2	0	1	0	0	1	1	0	0	0	1	2	0	1	1	0	3	0	1	1	0	1	4	2	0	0	1	1	1	0	0	0	3	0	1	0	1	0	0	0	2	1	1	1	0	1	1	1	2	0	4	2	2	0	0	0	1	1	1	0	1	1	1	2	2	0	3	2	0	0	6	0	2	2	2	0	4	3	3	3	5	5	3	3	4	1	4	4	3
am0219	0	0	0	0	0	0	0	0	0	0	0	0	0	0	0	0	0	0	0	0	0	0	2	0	0	0	2	2	1	0	0	0	1	1	0	0	0	0	4	0	0	2	0	1	1	0	0	1	2	0	4	2	1	1	1	0	2	0	1	1	0	0	2	1	4	0	0	0	1	0	1	0	1	2	1	2	0	0	0	2	1	0	3	0	4	2	2	0	2	3	4	1	3	2	3	2	0	1	1	1	1	1	1	1	1	5	1	2	3	0	2	3	0	4	2	1	0	2	0	2	0	1	2	0	2	3	0	5	2	3	2	2	2	4	4	1	2	2	4	3	1	2	2	1	2	0	5	7	6	4	4	2
am0220	0	0	0	0	0	0	0	0	0	0	0	0	0	0	0	1	0	0	0	0	2	1	0	1	0	1	1	1	0	0	0	0	0	0	0	0	0	1	0	1	1	0	0	0	0	0	1	0	1	0	0	1	0	2	0	0	0	0	0	3	0	0	0	0	0	1	0	0	2	1	2	0	1	0	1	0	1	0	1	0	0	1	4	0	2	1	4	1	0	2	3	1	0	0	5	0	2	4	1	0	0	2	0	2	2	0	1	1	1	4	0	0	1	4	1	4	2	5	2	4	3	3	1	4	2	0	1	3	3	0	6	3	3	1	0	1	3	3	2	2	4	3	0	3	1	7	4	5	9	4	7	8
am0221	0	0	0	0	0	0	0	0	0	0	1	0	0	0	1	0	0	0	0	0	1	1	3	0	0	0	0	1	1	0	1	1	0	0	0	0	0	1	0	1	1	2	1	1	1	1	1	0	1	1	2	0	1	2	1	1	2	0	0	0	0	1	2	1	2	5	0	3	0	1	1	1	1	7	0	0	0	3	1	2	1	0	1	1	0	0	0	0	0	3	0	1	3	4	0	1	5	2	1	0	1	0	1	0	2	2	1	2	1	1	1	2	0	1	1	1	0	1	1	0	1	3	2	1	0	0	2	0	1	3	2	0	0	4	5	0	1	1	2	0	1	1	0	2	0	0	3	3	1	1	3	4
am0222	0	0	0	0	0	0	0	0	0	0	0	0	0	0	0	0	0	0	0	0	0	0	0	0	0	0	0	0	0	0	0	0	0	0	0	0	0	0	0	0	0	0	0	0	0	0	0	0	0	0	0	0	0	0	0	0	0	0	1	0	0	0	0	0	0	0	0	0	0	0	0	0	0	0	0	0	1	0	0	0	0	1	0	0	0	0	0	0	0	0	0	0	0	0	1	0	0	1	0	2	0	0	0	0	0	0	1	1	0	1	0	0	0	0	0	1	0	0	0	0	1	1	1	0	0	0	0	0	1	0	0	0	1	0	0	0	0	0	1	0	1	0	1	1	1	0	0	0	0	0	0	1
am0223	0	0	0	0	0	0	0	0	0	0	0	0	0	0	0	0	0	0	0	0	0	0	0	0	0	0	2	3	0	3	0	0	0	0	0	1	0	0	0	0	2	1	1	0	0	0	0	0	0	2	2	0	1	3	0	0	0	1	3	0	0	0	0	2	1	0	0	0	0	3	0	0	0	0	2	0	1	0	0	1	1	3	0	1	0	2	2	1	0	1	0	1	1	0	1	1	1	1	1	3	1	0	0	3	2	1	1	0	0	1	1	1	1	0	1	1	1	0	2	0	2	3	0	1	1	0	0	1	0	0	1	0	1	1	1	2	0	0	0	3	3	1	0	1	2	0	2	1	2	5	2	3
am0224	0	0	0	0	0	0	0	0	0	0	0	0	0	0	0	0	0	0	0	0	0	0	0	0	0	0	0	0	1	0	0	0	1	1	1	0	0	0	0	0	0	0	0	1	0	0	0	1	1	0	0	0	0	0	0	0	0	0	0	0	0	0	1	1	0	0	0	0	0	0	0	0	0	0	0	0	0	0	0	1	1	0	0	0	0	0	0	0	0	0	0	0	0	0	0	0	2	0	0	0	1	1	1	0	0	0	0	0	0	2	0	0	1	0	0	0	0	0	0	0	2	1	0	0	0	1	0	0	0	0	1	0	0	0	0	0	0	0	0	1	1	0	0	0	0	0	0	0	2	1	1	0
am0225	0	0	0	0	0	0	0	0	0	0	0	0	0	0	0	0	1	0	0	0	0	0	0	1	0	2	2	3	0	1	0	0	0	0	0	0	0	0	0	0	2	0	0	0	0	0	0	0	2	0	1	0	0	0	0	0	0	0	1	0	1	1	1	0	2	0	0	0	0	0	0	0	1	0	0	0	0	1	1	0	0	1	0	0	0	0	0	1	0	1	0	0	0	0	0	0	0	0	1	1	0	0	0	0	0	0	1	0	0	0	0	0	0	0	0	0	0	0	0	0	0	1	0	0	0	1	1	1	0	0	2	0	1	1	0	0	0	0	0	0	0	1	0	0	0	1	0	0	2	0	0	3
am0226	1	0	0	0	0	0	0	0	0	0	0	0	1	0	0	1	0	0	0	0	1	1	0	0	2	0	0	0	2	0	1	0	1	3	2	0	1	1	1	2	1	0	3	1	2	0	3	4	3	1	2	3	4	5	3	1	0	2	7	0	2	1	2	4	7	5	1	1	2	4	3	3	5	0	5	4	1	0	1	4	3	4	2	1	4	5	4	4	3	6	3	0	7	6	6	3	9	8	5	7	4	6	2	4	2	9	6	5	3	8	5	8	3	5	6	4	2	4	7	6	10	9	5	6	2	7	5	4	2	10	10	3	5	5	11	4	11	11	7	10	12	10	11	4	9	5	7	9	7	11	13	9
am0227	0	0	0	0	0	0	0	0	0	0	0	0	2	0	0	0	0	2	0	0	0	0	0	2	1	1	0	0	0	0	0	1	0	0	0	0	0	0	0	0	0	1	0	1	1	1	0	0	0	0	0	0	0	0	0	1	0	0	0	1	0	0	0	0	0	0	0	2	0	0	0	0	0	1	0	1	2	1	0	0	2	0	0	1	0	0	0	0	1	0	0	0	1	1	0	0	0	0	0	1	2	0	0	0	0	1	1	0	0	0	0	0	0	1	0	0	0	0	0	0	0	0	0	1	0	0	0	1	0	0	0	0	0	1	2	1	0	0	0	0	0	0	0	1	0	3	0	0	0	1	3	3
am0228	0	0	0	0	0	0	0	0	0	1	0	0	0	2	0	1	1	1	2	0	1	2	0	0	4	1	2	1	2	2	0	1	2	8	2	1	6	2	3	3	3	2	4	2	1	5	5	5	6	1	3	4	4	1	5	2	4	6	3	7	4	2	4	7	2	2	12	1	5	3	6	4	3	5	8	5	5	6	9	5	4	3	11	3	4	3	7	3	14	9	3	9	4	6	0	6	13	7	5	4	4	6	9	8	11	5	5	12	4	9	4	8	10	8	6	12	8	7	6	7	9	13	14	15	8	5	10	9	8	13	0	9	10	6	7	10	8	11	13	5	4	9	9	9	9	10	14	16	4	10	14	27
am0229	0	0	0	0	0	0	0	0	0	0	0	0	0	0	0	0	0	0	0	0	0	0	0	0	0	0	0	0	0	0	0	0	0	0	0	0	0	0	0	2	0	0	0	0	0	0	0	0	0	0	0	0	0	2	2	0	1	0	0	0	0	0	0	0	1	0	0	0	2	0	0	0	1	1	0	2	0	0	0	0	0	0	0	0	0	0	0	0	0	0	0	0	0	0	0	0	0	0	1	0	0	0	0	0	0	1	0	0	1	0	0	0	0	1	1	0	0	0	1	0	0	0	0	0	0	1	0	1	0	0	1	0	0	1	0	0	0	0	0	3	2	0	0	0	0	0	1	0	1	0	0	0
am0230	0	0	0	0	0	0	0	0	0	0	0	0	0	0	0	0	0	0	1	1	0	0	0	0	0	0	0	0	1	0	0	0	1	0	0	1	2	0	1	0	0	1	1	0	0	0	1	0	1	0	1	0	1	0	0	0	0	3	1	2	0	1	0	1	0	1	0	0	2	1	0	0	3	1	1	1	2	1	4	0	1	1	1	1	2	3	1	0	0	1	1	3	1	0	3	3	0	1	3	1	1	1	0	1	2	0	2	1	4	0	3	2	1	4	0	1	1	0	0	1	4	2	1	2	2	3	2	2	0	1	2	1	0	3	0	1	2	1	1	2	1	6	3	1	2	3	5	5	2	1	2	6
am0231	0	0	0	0	0	0	0	0	0	0	0	0	0	0	0	0	0	0	0	0	0	0	0	0	0	0	0	0	0	0	1	0	0	1	0	2	0	2	0	0	0	1	0	0	1	0	1	1	0	0	0	2	0	0	0	0	1	0	2	0	3	5	1	0	0	1	4	0	0	0	5	0	0	1	0	0	0	3	0	1	0	2	0	0	0	1	1	2	4	1	0	0	0	0	2	2	0	2	0	2	0	1	2	0	2	0	0	1	0	0	0	1	1	3	0	0	1	1	2	1	0	0	1	1	0	0	1	1	0	1	0	5	2	4	0	0	1	1	1	0	0	0	2	0	2	1	7	6	1	0	0	4
