	0	1	2	3	4	5	6	7	8	9	10	11	12	13	14	15	16	17	18	19	20	21	22	23	24	25	26
am0001	0	0	0	0	0	0	0	0	0	0	0	0	0	0	0	0	0	0	0	0	0	0	0	0	0	0	0
am0002	0	0	0	0	0	0	0	0	0	0	0	2	2	0	1	1	0	2	0	0	0	1	0	2	4	2	5
am0003	0	0	0	0	0	0	0	0	0	0	0	0	0	0	0	0	0	0	0	0	4	0	2	0	0	0	2
am0004	0	0	0	0	0	0	0	0	0	0	0	0	0	0	0	0	1	2	0	1	3	1	3	0	5	2	3
am0005	0	0	0	0	0	0	0	0	0	0	0	0	0	0	0	0	0	2	0	0	0	1	0	0	4	2	0
am0006	0	0	0	0	0	0	0	0	0	0	2	2	0	0	3	0	2	2	3	0	3	1	4	2	5	0	1
am0007	0	0	0	0	0	0	0	0	0	1	0	0	0	2	2	2	3	4	3	1	3	6	3	1	9	4	3
am0008	0	0	0	0	0	0	0	0	0	0	3	0	0	0	4	0	1	2	0	0	1	4	3	0	5	10	9
am0009	0	0	0	0	0	0	0	0	0	0	0	0	0	0	0	0	7	0	4	0	3	0	6	0	1	2	4
am0010	0	0	0	0	0	0	0	0	0	0	0	2	2	0	0	0	0	2	1	2	1	1	1	4	4	0	0
am0011	0	0	0	0	0	0	0	0	0	0	0	0	0	0	0	0	1	0	0	1	0	2	1	3	0	3	0
am0012	0	0	0	0	0	0	0	0	0	0	0	0	0	1	1	2	0	1	0	0	1	1	1	1	2	0	2
am0013	0	0	0	0	0	0	0	0	0	0	0	0	0	0	2	2	0	0	0	0	0	0	0	0	0	0	0
am0014	0	0	0	0	0	0	0	0	0	0	0	0	0	1	1	2	6	6	2	5	2	15	9	8	15	16	12
am0015	0	0	0	0	0	0	0	0	0	0	0	0	0	0	0	0	1	0	0	1	1	0	2	2	0	0	0
am0016	0	0	0	0	0	0	0	0	0	0	0	0	0	0	3	5	1	0	0	0	5	2	8	4	0	2	2
am0017	0	0	0	0	0	0	0	0	0	0	0	0	0	0	0	0	1	0	0	1	1	6	3	2	0	10	2
am0018	0	0	0	0	0	0	0	0	0	0	0	0	0	0	0	0	0	1	0	0	1	0	1	0	2	0	0
am0019	0	0	0	0	0	0	0	0	0	0	0	0	0	0	0	0	0	0	0	0	0	0	0	0	0	0	0
am0020	0	0	1	0	0	0	0	0	1	0	0	1	1	0	0	0	2	2	2	4	1	3	2	4	6	3	7
am0021	0	0	0	0	0	0	0	0	0	1	0	0	1	1	0	5	2	0	3	2	3	1	2	1	0	1	1
am0022	0	0	0	0	0	0	0	0	0	0	1	0	0	0	1	2	0	0	2	1	0	2	0	0	0	2	0
am0023	0	0	0	0	0	0	0	0	0	0	0	0	0	0	0	0	0	0	0	0	0	2	0	2	0	0	0
am0024	0	0	0	0	0	0	0	0	0	0	0	0	0	0	0	0	0	0	0	0	0	0	0	0	0	0	0
am0025	0	0	0	0	0	0	0	0	0	0	0	1	1	0	0	0	1	6	0	2	0	1	1	4	12	3	7
am0026	0	0	0	0	0	0	0	0	0	0	0	0	0	1	0	0	3	6	3	5	1	6	6	4	13	5	2
am0027	0	0	0	0	0	0	0	0	0	3	1	1	1	4	2	1	2	0	1	7	6	11	7	8	1	10	5
am0028	0	0	0	0	0	0	0	0	0	3	0	0	0	3	0	1	0	0	0	0	0	2	0	0	0	2	2
am0029	0	0	0	0	0	0	0	0	0	1	0	0	0	1	0	0	1	3	0	0	0	1	1	2	7	0	0
am0030	0	0	0	0	0	0	0	0	0	0	0	0	0	0	0	0	1	2	1	0	2	1	3	1	4	0	1
am0031	0	0	0	0	0	0	0	0	0	0	0	0	0	0	0	0	2	4	0	0	0	3	3	2	9	6	6
am0039	0	0	0	0	0	0	0	0	0	0	0	0	0	0	0	0	0	0	0	1	2	0	2	2	0	5	3
am0051	0	0	0	0	0	0	0	0	0	0	1	3	3	0	2	2	0	0	0	0	2	0	4	0	0	3	4
am0052	0	0	0	0	0	0	0	0	0	0	0	2	3	0	0	0	0	1	2	3	0	2	6	1	2	2	0
am0053	0	0	0	0	0	0	0	0	0	0	2	1	1	3	5	3	2	1	4	0	3	3	3	2	0	1	0
am0054	0	0	0	0	0	0	0	0	0	0	0	0	0	0	0	0	0	0	0	0	1	0	1	0	0	0	0
am0055	0	0	0	0	0	0	0	0	0	0	0	1	1	0	0	0	0	1	0	1	0	0	0	1	2	0	0
am0056	0	0	0	0	0	0	0	0	0	3	1	0	0	3	3	2	1	0	2	0	2	7	3	3	0	6	7
am0057	0	0	0	0	0	0	0	0	0	0	1	1	1	0	1	0	0	3	0	1	1	4	1	3	6	8	12
am0058	0	0	0	0	0	0	0	0	0	0	0	0	0	1	0	1	0	0	0	0	4	0	4	0	0	0	0
am0059	0	0	0	0	0	0	0	0	0	0	0	0	0	0	0	0	0	1	0	0	0	1	0	0	2	1	2
am0060	0	0	0	0	0	0	0	0	0	0	0	0	0	0	0	0	4	7	0	1	1	2	3	4	14	1	3
am0061	0	0	0	0	0	0	0	0	0	0	4	0	0	0	4	0	2	1	5	7	4	6	3	2	2	2	7
am0062	0	0	0	0	0	0	0	0	0	0	0	0	0	0	0	0	0	0	0	0	0	1	0	0	0	2	1
am0063	0	0	0	0	0	0	0	0	0	0	0	0	0	0	0	0	0	0	0	2	1	0	1	2	0	0	0
am0064	0	0	0	0	0	0	0	0	0	0	0	1	1	0	0	0	1	0	0	0	0	1	1	0	0	2	1
am0065	0	0	0	0	0	0	0	0	0	0	1	1	1	2	0	2	1	0	0	0	0	0	1	0	0	0	0
am0066	0	0	0	0	0	0	0	0	0	0	0	0	0	0	0	0	0	0	0	0	0	0	0	0	0	0	0
am0067	0	0	0	0	0	0	0	0	0	0	0	1	1	0	0	0	0	2	2	2	2	4	3	3	4	1	5
am0068	0	0	0	0	0	0	0	0	0	0	0	0	0	1	1	4	2	0	0	0	3	1	5	0	0	1	5
am0069	0	0	0	0	0	0	0	0	0	0	0	0	0	0	0	0	0	1	4	3	5	3	4	5	2	1	1
am0070	0	0	0	0	0	0	0	0	0	0	0	0	0	0	0	0	1	0	0	0	4	1	3	2	1	2	2
am0071	0	0	0	0	0	0	0	0	0	0	1	1	3	0	1	0	0	0	0	0	0	0	0	1	0	0	4
am0072	0	0	0	0	0	0	0	0	0	3	0	0	0	3	0	0	0	0	0	0	2	1	0	2	0	7	5
am0073	0	0	0	0	0	0	0	0	0	0	0	0	0	1	0	1	0	0	6	3	3	1	0	6	0	1	3
am0074	0	0	0	0	0	0	0	0	0	0	2	1	1	0	2	0	0	1	0	2	0	1	0	2	2	2	1
am0075	0	0	0	0	0	0	0	0	0	2	2	0	0	2	2	1	1	0	1	0	1	2	2	3	0	2	3
am0076	0	0	0	0	0	0	0	0	0	0	1	0	0	1	1	1	1	1	1	1	3	0	3	0	2	0	0
am0077	0	0	0	0	0	0	0	0	0	0	0	0	0	0	0	0	0	0	0	0	0	0	0	0	0	0	0
am0078	0	0	0	0	0	0	0	0	0	0	0	0	0	0	0	0	0	0	0	0	2	0	2	0	0	0	0
am0079	0	0	0	0	0	0	0	0	0	1	0	0	0	1	0	0	0	0	4	0	3	1	1	1	0	2	1
am0080	0	0	0	0	0	0	0	0	0	0	0	0	0	0	0	0	0	0	0	0	0	0	0	0	0	0	0
am0081	0	0	0	0	0	0	0	0	0	0	0	0	1	0	0	0	0	4	2	0	3	3	1	7	8	2	2
am0082	0	0	0	0	0	0	0	0	0	1	2	0	0	1	2	0	1	3	3	1	3	7	2	2	6	7	10
am0083	0	0	0	0	0	1	0	1	1	0	0	0	1	0	0	0	1	0	0	0	4	3	5	3	1	4	11
am0084	0	1	0	0	0	0	0	0	0	0	0	0	0	0	0	0	0	0	0	0	1	1	1	0	0	2	1
am0085	0	0	0	0	0	0	0	0	0	0	0	0	0	0	0	0	0	0	0	0	3	1	4	0	0	5	7
am0086	0	0	0	0	0	0	0	0	0	0	0	1	1	0	0	0	0	0	0	0	0	0	0	0	0	0	2
am0087	0	0	0	0	0	0	0	0	0	0	0	1	1	1	0	0	0	1	0	1	0	0	0	2	2	1	1
am0088	0	0	0	0	0	0	0	0	0	0	0	0	2	0	0	0	0	1	1	0	0	0	0	0	2	0	0
am0089	0	0	0	0	0	0	0	0	0	0	0	0	0	0	0	0	3	2	0	0	0	0	0	1	6	0	0
am0090	0	0	0	0	0	0	0	0	0	0	0	0	0	0	0	0	0	0	0	0	0	0	0	0	0	0	1
am0091	0	0	0	0	0	0	0	0	0	0	0	0	0	0	0	0	0	0	2	1	2	2	1	0	0	1	0
am0092	0	0	0	0	0	0	0	0	0	0	0	0	0	0	0	0	1	1	5	1	5	0	3	0	2	0	1
am0093	0	0	0	0	0	0	0	0	0	0	0	0	0	0	0	0	0	0	3	1	2	1	2	2	0	2	3
am0094	0	0	0	0	0	0	0	0	0	0	0	0	0	0	0	0	1	2	0	1	0	0	1	2	5	0	4
am0095	0	0	0	0	0	0	0	0	0	0	0	0	0	0	0	0	0	0	0	0	0	0	0	0	0	0	0
am0096	0	0	0	0	0	0	0	0	0	2	0	2	2	1	3	2	0	1	0	2	0	1	0	2	2	6	6
am0097	0	0	0	0	0	0	0	0	0	0	0	0	0	1	1	3	0	0	0	0	0	1	0	0	0	4	11
am0098	0	0	0	0	0	0	0	0	0	0	0	0	0	0	0	0	1	1	2	1	0	1	3	2	2	2	2
am0099	0	0	0	0	0	0	0	0	0	0	0	0	0	0	2	2	0	0	0	1	0	0	0	1	0	0	0
am0100	0	0	0	0	0	0	0	0	0	0	0	0	0	0	0	0	0	1	1	0	3	1	1	0	2	0	0
am0101	0	0	0	0	0	0	0	0	0	0	2	0	0	0	2	0	0	0	0	0	2	0	2	0	0	2	2
am0102	0	0	0	0	0	0	0	0	0	0	0	0	0	0	0	0	0	0	0	4	0	0	0	6	0	3	7
am0103	0	0	0	0	0	0	0	0	0	0	0	0	0	0	0	0	1	0	0	0	0	2	1	0	1	1	3
am0104	0	0	0	0	0	0	0	0	0	0	0	0	0	0	0	0	0	0	0	0	0	0	0	0	0	0	0
am0105	0	0	0	0	0	0	0	0	0	0	1	0	0	0	1	0	0	0	0	0	0	0	0	0	0	0	0
am0106	0	0	0	0	0	0	0	0	0	1	0	0	0	2	0	1	1	0	0	0	1	1	2	0	0	2	4
am0107	0	0	0	0	0	0	0	0	0	0	1	1	1	0	1	0	0	0	0	0	0	0	0	0	0	0	0
am0108	0	0	0	0	0	0	0	0	0	0	0	0	0	0	0	0	0	0	0	0	0	5	0	0	0	0	2
am0109	0	0	0	0	0	0	0	0	0	0	0	1	1	0	0	0	0	0	0	1	0	2	2	5	0	1	5
am0110	0	0	0	0	0	0	0	0	0	2	0	0	0	4	0	4	0	1	0	0	0	2	2	2	2	2	1
am0111	0	0	0	0	0	0	0	0	0	0	0	0	0	0	0	0	1	2	2	2	1	0	0	2	4	1	2
am0112	0	0	0	0	0	0	0	0	0	0	0	2	2	0	0	0	0	1	0	0	0	0	0	0	2	2	3
am0113	0	0	0	0	0	0	0	0	0	1	0	0	1	1	0	2	2	4	0	0	2	3	4	3	10	1	5
am0114	0	0	0	0	0	0	0	0	0	0	1	0	0	0	1	0	0	0	4	1	5	2	4	2	0	6	7
am0115	0	0	0	0	0	0	0	0	0	0	0	0	0	0	0	0	1	1	1	0	0	1	0	1	2	1	3
am0116	0	0	0	0	0	0	0	0	0	0	0	3	3	0	0	0	1	3	1	0	1	3	2	1	6	2	2
am0117	0	0	0	0	0	0	0	0	0	0	0	0	0	1	2	3	0	0	0	0	0	3	0	0	0	3	2
am0118	0	0	0	0	0	0	0	0	0	0	0	0	0	0	0	0	0	0	0	0	0	3	0	0	0	3	0
am0119	0	0	0	0	0	0	0	0	0	1	0	0	0	0	0	0	0	1	1	0	1	0	0	0	2	1	3
am0120	0	0	0	0	0	0	0	0	0	0	0	2	2	0	0	0	0	0	0	0	0	2	0	1	0	6	10
am0121	0	0	0	0	0	0	0	0	0	0	2	0	0	0	1	1	2	0	6	2	6	0	5	2	0	1	1
am0122	0	0	0	0	0	0	0	0	0	0	0	0	0	0	0	0	0	0	1	1	1	0	0	0	0	0	0
am0123	0	0	0	0	0	0	0	0	0	0	2	0	1	0	0	2	0	0	0	0	1	1	1	1	0	0	2
am0124	0	0	0	0	0	0	0	0	0	0	0	0	0	0	0	0	2	0	0	1	1	2	2	0	1	5	5
am0125	0	0	0	0	0	0	0	0	0	1	0	0	0	1	0	1	0	0	0	2	1	2	1	6	0	2	7
am0126	0	0	0	0	0	0	0	0	0	0	0	0	3	0	0	0	0	0	5	2	3	1	3	0	0	1	1
am0127	0	0	0	0	0	0	0	0	0	0	0	1	1	0	1	0	0	0	0	1	0	0	0	2	0	0	0
am0128	0	0	0	0	0	0	0	0	0	0	0	0	0	1	0	1	0	0	3	3	3	2	2	1	0	10	5
am0129	0	0	0	0	0	0	0	0	0	1	1	0	0	1	2	2	0	0	1	0	1	0	0	0	0	0	3
am0130	0	0	0	0	0	0	0	0	0	0	0	0	0	0	0	0	1	0	0	0	1	2	2	3	1	2	2
am0131	0	0	0	0	0	0	0	0	0	0	0	0	1	2	2	4	0	0	1	0	0	1	0	1	0	1	2
am0132	0	0	0	0	0	0	0	0	0	1	3	1	1	1	6	3	0	0	1	0	1	0	0	0	0	0	1
am0134	0	0	0	0	0	0	0	0	0	0	0	0	0	0	0	0	0	0	0	0	1	0	1	0	0	0	0
am0135	0	0	0	0	0	0	0	0	0	1	0	0	0	2	0	0	1	1	0	0	0	0	1	0	3	0	0
am0136	0	0	0	0	0	0	0	0	0	0	0	0	0	0	0	0	0	0	0	0	0	0	0	0	0	0	0
am0137	0	0	0	0	0	0	0	0	0	2	0	1	1	2	0	0	1	0	0	2	0	4	1	3	0	6	8
am0138	0	0	0	0	0	0	0	0	0	0	2	0	0	1	1	1	3	2	3	2	3	1	5	2	4	2	2
am0139	0	0	0	0	0	0	0	0	0	2	0	0	0	1	0	0	0	0	0	0	0	0	0	0	0	1	2
am0140	0	0	0	0	0	0	0	0	0	0	0	0	0	0	0	0	0	0	0	0	0	0	0	0	0	0	0
am0141	0	0	0	0	0	0	0	0	0	0	0	0	0	0	0	0	0	0	0	0	1	0	1	0	0	0	2
am0142	0	0	0	0	0	0	0	0	0	0	0	0	0	0	0	0	0	4	0	0	1	0	0	0	8	1	2
am0143	0	0	0	0	0	0	0	0	0	2	0	1	1	1	2	2	0	0	0	0	4	4	3	4	0	2	2
am0146	0	0	0	0	0	0	0	0	0	2	1	0	0	2	3	0	1	2	0	2	1	3	1	2	4	2	0
am0147	0	0	0	0	0	0	0	0	0	0	3	0	1	0	5	0	0	2	0	0	0	1	0	2	4	1	3
am0148	0	0	0	0	0	0	0	0	0	0	0	1	1	1	0	0	0	0	2	1	0	2	0	2	0	5	4
am0149	0	0	0	0	0	0	0	0	0	0	0	0	0	0	0	0	0	1	0	4	1	1	0	3	2	4	3
am0150	0	0	0	0	0	0	0	0	0	0	0	0	0	0	0	0	0	0	0	0	0	1	0	1	0	1	4
am0151	0	0	0	0	0	0	0	0	0	0	0	0	1	0	0	0	0	0	2	0	1	0	0	0	0	3	6
am0152	0	0	0	0	0	0	0	0	0	0	0	0	0	0	0	0	0	0	0	1	0	1	0	1	0	0	0
am0153	0	0	0	0	0	0	0	0	0	0	0	0	0	0	0	0	0	0	0	0	0	0	0	0	0	0	0
am0155	0	0	0	0	0	0	0	0	0	0	0	0	0	0	0	0	0	1	2	2	3	1	2	6	2	1	7
am0156	0	0	0	0	0	0	0	0	0	0	0	1	1	2	0	2	3	1	0	0	1	3	3	5	5	5	6
am0157	0	0	0	0	0	0	0	0	0	0	0	1	1	0	0	0	1	0	2	0	2	0	1	0	0	0	0
am0158	0	0	0	0	0	0	0	0	0	0	0	0	0	0	0	0	4	0	0	0	1	2	4	1	1	2	1
am0159	0	0	0	0	0	0	0	0	0	0	0	0	0	0	0	0	0	0	0	3	0	3	0	5	0	1	0
am0160	0	0	0	0	0	0	0	0	0	0	0	0	2	0	0	0	2	0	3	1	1	4	3	4	1	7	7
am0161	0	0	0	0	0	0	0	0	0	0	1	0	0	0	1	0	0	2	0	2	0	0	0	0	4	0	4
am0162	0	0	0	0	0	0	0	0	0	0	0	2	2	0	0	0	1	0	0	2	0	0	1	3	0	0	3
am0163	0	0	0	0	1	0	2	0	0	1	0	0	0	2	1	2	0	0	0	2	1	0	1	1	0	3	4
am0164	0	0	0	0	0	0	0	1	1	0	0	0	0	0	0	0	0	5	1	4	0	6	4	8	10	7	5
am0165	0	0	0	0	0	0	0	0	0	0	0	0	0	0	0	0	0	0	0	0	0	0	0	0	0	0	0
am0166	0	0	0	0	0	0	0	0	0	0	0	1	1	0	1	0	1	3	0	2	0	0	0	2	7	0	2
am0167	0	0	0	0	0	0	0	0	0	0	0	0	0	0	0	0	0	0	2	0	2	0	0	0	0	0	2
am0168	0	0	0	0	0	0	0	0	0	0	0	0	0	0	1	1	1	1	0	0	0	0	1	0	2	0	0
am0169	0	0	0	0	0	0	0	0	0	0	0	0	0	0	0	0	0	0	0	2	0	0	0	2	0	3	6
am0171	0	0	0	0	0	0	0	0	0	0	0	0	0	0	0	0	2	3	0	1	0	0	1	1	7	4	5
am0172	0	0	0	0	0	0	0	0	0	0	0	0	0	0	0	0	1	1	0	0	0	0	0	4	2	0	0
am0173	0	0	0	0	0	0	0	0	0	1	0	0	0	0	0	0	0	0	0	6	0	0	0	1	0	0	0
am0174	0	0	0	0	0	0	0	0	0	0	0	0	0	0	0	0	0	0	0	1	0	2	0	4	0	0	3
am0175	0	0	0	0	0	0	0	0	0	0	0	1	1	0	0	0	0	0	0	0	0	0	0	0	0	0	0
am0176	0	0	0	0	0	0	0	0	0	0	0	0	0	0	0	0	0	0	0	0	0	1	0	2	0	2	0
am0177	0	0	0	0	0	0	0	0	0	0	0	0	0	0	0	0	2	0	5	4	4	3	3	5	0	4	6
am0178	0	0	0	0	0	0	0	0	0	0	0	0	0	3	1	4	1	3	2	2	0	2	2	2	7	7	8
am0179	0	0	0	0	0	0	0	0	0	0	0	0	0	0	0	0	0	0	1	0	0	1	0	1	0	1	4
am0180	0	0	0	0	0	0	0	0	0	0	0	0	0	0	0	0	0	0	2	1	1	0	0	0	0	0	0
am0181	0	0	0	0	0	0	0	0	0	0	0	0	0	1	0	1	1	0	1	0	1	0	1	0	0	0	0
am0182	0	0	0	0	0	0	0	0	0	0	0	0	0	0	0	0	1	2	0	1	1	1	1	2	4	2	2
am0183	0	0	0	0	0	0	0	0	0	0	0	1	1	0	0	0	1	2	1	2	0	1	2	1	4	3	7
am0184	0	0	0	0	0	0	0	0	0	0	0	0	0	0	0	0	1	0	2	1	1	2	1	2	0	0	0
am0185	0	0	0	0	0	0	0	0	0	0	1	0	0	0	2	1	0	0	0	0	0	1	0	3	0	2	2
am0186	0	0	0	0	0	0	0	0	0	0	0	1	1	0	0	0	0	1	1	1	1	1	1	2	2	0	1
am0187	0	0	0	0	0	0	0	0	0	0	0	0	0	0	0	0	0	0	0	1	0	0	0	1	0	1	3
am0188	0	0	0	0	0	0	0	0	0	0	0	0	0	1	0	1	0	0	0	1	2	1	1	2	0	2	2
am0189	0	0	0	0	0	0	0	0	0	0	0	0	0	0	0	0	1	0	0	1	2	2	3	3	1	1	0
am0190	0	0	0	0	0	0	0	0	0	1	0	0	0	3	0	2	3	2	0	1	0	1	3	2	7	1	1
am0192	0	0	0	0	0	0	0	0	0	0	0	0	0	0	0	0	3	1	0	0	0	0	3	0	3	3	4
am0194	0	0	0	0	0	0	0	0	0	0	0	0	0	0	0	0	0	0	0	0	0	0	0	1	0	0	0
am0195	0	0	0	0	0	0	0	0	0	1	0	0	0	1	0	1	2	1	2	2	5	3	6	3	3	6	12
am0196	0	0	0	0	0	0	0	0	0	0	0	1	1	0	0	0	0	0	0	0	1	0	1	0	0	3	6
am0197	0	0	0	0	0	0	0	0	0	0	2	0	0	1	3	2	1	3	1	1	8	2	8	1	7	8	10
am0198	0	0	0	0	0	0	0	0	0	2	0	0	0	1	0	0	0	0	1	2	3	1	3	2	0	1	1
am0199	0	0	0	0	0	0	0	0	0	0	0	0	0	2	0	2	3	2	2	0	0	1	3	0	4	3	1
am0200	0	0	0	0	0	0	0	0	0	0	0	0	0	0	0	0	1	0	1	1	0	1	1	1	0	1	6
am0201	0	0	0	0	0	0	0	0	0	1	3	0	0	1	3	1	3	1	2	2	0	6	3	2	3	4	2
am0202	0	0	0	0	0	0	0	0	0	0	0	0	0	0	0	0	1	0	1	0	1	0	1	0	0	0	0
am0203	0	0	0	0	0	0	0	0	0	0	0	0	0	0	0	0	0	1	2	0	2	2	1	2	2	2	3
am0204	0	0	0	0	0	0	0	0	0	0	0	0	0	0	0	0	0	0	1	0	0	2	0	1	0	3	4
am0205	0	0	0	0	0	0	0	0	0	0	0	3	1	0	0	0	0	0	2	1	2	1	0	2	0	3	3
am0206	0	0	0	0	0	0	0	0	0	0	1	0	0	2	1	1	3	2	2	1	1	0	1	1	5	1	1
am0207	0	0	0	0	0	0	0	0	0	0	1	0	0	0	1	0	1	3	2	1	5	1	6	1	6	5	5
am0208	0	0	0	0	0	0	0	0	0	0	0	0	0	0	0	0	1	1	2	1	3	0	2	0	2	4	9
am0209	0	0	0	0	0	0	0	0	0	0	0	0	0	0	0	0	0	2	0	1	0	1	0	3	4	4	5
am0210	1	0	0	0	0	0	0	0	0	0	0	0	0	0	0	0	0	2	2	3	2	3	4	5	4	5	5
am0211	0	0	0	0	0	0	0	0	0	0	0	2	2	1	0	1	3	4	1	2	1	2	3	2	8	4	6
am0212	0	0	0	0	0	0	0	0	0	0	0	0	0	0	0	0	0	0	0	2	0	0	0	0	0	1	1
am0213	0	0	0	0	0	0	0	0	0	0	0	1	1	0	0	0	1	0	0	0	0	0	1	0	0	0	0
am0214	0	0	0	0	0	0	0	0	0	0	0	0	0	0	0	0	0	0	0	0	0	0	0	0	0	0	0
am0215	0	0	0	1	0	1	0	1	1	0	0	1	0	0	0	0	1	1	6	5	4	5	3	6	3	2	4
am0216	0	0	0	0	0	0	0	0	0	0	0	0	0	0	0	1	2	3	1	0	2	2	4	2	6	1	8
am0217	0	0	0	0	0	0	0	0	0	0	0	2	2	0	1	0	0	2	2	1	0	0	0	5	4	4	2
am0218	0	0	0	0	0	0	0	0	0	0	0	1	1	0	1	1	3	4	6	7	6	5	4	7	9	10	9
am0219	0	0	0	0	0	0	0	0	0	0	0	0	0	0	0	0	4	1	3	1	6	0	9	4	3	3	3
am0220	0	0	0	0	0	0	0	0	0	0	0	0	0	0	1	1	0	0	1	1	2	4	1	1	0	3	2
am0221	0	0	0	0	0	0	0	0	0	2	0	0	0	2	0	0	0	0	0	1	0	0	0	1	0	0	1
am0222	0	0	0	0	0	0	0	0	0	0	0	0	0	0	0	0	0	1	0	0	0	0	0	0	2	0	0
am0223	0	0	0	0	0	0	0	0	0	0	0	0	0	0	1	1	0	1	0	0	0	2	0	1	2	6	6
am0224	0	0	0	0	0	0	0	0	0	0	0	1	1	0	0	0	0	0	0	0	0	0	0	0	0	0	0
am0225	0	0	0	0	0	0	0	0	0	0	0	0	0	0	0	0	0	0	2	1	1	0	0	0	0	0	1
am0226	0	0	0	0	0	0	0	0	0	0	0	0	0	0	1	1	0	1	0	0	1	1	3	0	2	2	1
am0227	0	0	0	0	0	0	0	0	0	0	0	0	0	0	0	0	0	0	0	0	0	0	0	0	0	0	3
am0228	0	0	0	0	0	0	0	0	0	1	0	0	0	1	0	0	0	0	0	0	0	0	0	0	0	0	2
am0229	0	0	0	0	0	0	0	0	0	0	0	0	0	0	0	0	0	0	0	3	1	2	1	3	0	1	0
am0230	0	0	0	0	0	0	0	0	0	0	0	0	0	0	0	0	1	0	0	0	2	0	4	0	1	0	1
am0231	0	0	0	0	0	0	0	0	0	0	0	0	0	0	0	0	0	0	0	0	1	0	1	0	0	3	3
