	0	1	2	3	4	5	6	7	8	9	10	11	12	13
am0001	0	0	0	0	0	0	2	2	2	3	2	2	4	4
am0002	0	0	0	0	0	0	4	8	8	8	7	11	8	21
am0003	0	0	0	0	0	0	2	2	2	2	4	0	2	1
am0004	0	0	0	0	0	0	2	0	2	0	2	1	0	0
am0005	0	0	0	0	0	0	1	0	0	0	1	2	0	2
am0006	0	0	0	0	0	0	1	1	1	1	1	4	2	4
am0007	0	0	0	0	0	0	4	5	6	3	6	3	4	3
am0008	0	0	0	0	0	0	1	1	1	3	2	2	3	8
am0009	0	0	0	0	0	0	4	5	6	5	5	4	7	7
am0010	0	0	0	0	0	0	2	1	3	1	2	5	1	6
am0011	0	0	0	0	0	0	4	3	3	6	5	5	9	10
am0012	0	0	0	0	0	0	1	0	0	0	1	0	0	0
am0013	0	0	0	0	0	0	2	4	4	3	2	3	3	4
am0014	0	0	0	0	0	1	3	5	6	1	4	6	1	4
am0015	0	0	0	0	0	0	4	2	4	0	4	3	2	1
am0016	0	0	0	0	0	0	2	1	1	4	2	2	5	4
am0017	0	0	0	0	0	0	0	0	0	1	0	0	1	1
am0018	0	0	0	0	0	0	1	3	3	10	2	6	10	17
am0019	0	0	0	0	0	0	0	0	0	0	0	0	0	0
am0020	0	0	0	0	0	0	0	0	0	1	0	6	2	7
am0021	1	0	0	0	0	0	11	11	16	20	17	9	22	25
am0022	0	0	0	0	0	0	2	5	5	2	4	2	3	3
am0023	0	0	0	0	0	1	3	2	2	6	4	5	8	11
am0024	0	0	0	0	0	0	0	0	0	1	0	2	1	3
am0025	0	0	0	0	0	0	1	0	0	5	2	7	5	11
am0026	0	0	0	0	0	0	3	0	0	6	3	9	6	14
am0027	0	0	0	0	0	0	2	4	4	3	2	5	4	6
am0028	0	0	0	0	0	0	0	3	3	3	1	4	3	7
am0029	0	0	0	0	0	0	1	1	2	4	2	4	4	8
am0030	0	0	0	0	0	0	5	9	10	6	6	7	6	10
am0031	0	0	0	0	0	0	4	0	0	7	4	4	7	11
am0039	0	0	0	0	0	0	5	4	8	5	8	9	10	18
am0051	0	0	0	0	0	0	4	0	1	2	5	13	4	14
am0052	0	0	0	0	0	0	0	0	0	4	0	3	4	7
am0053	0	0	0	0	0	0	1	1	1	2	1	10	3	10
am0054	0	0	0	0	0	0	0	0	0	0	0	2	0	1
am0055	0	0	0	1	0	0	0	1	1	2	0	2	2	3
am0056	0	0	0	0	0	0	4	9	11	9	6	5	11	14
am0057	0	0	0	0	0	0	5	3	4	13	5	9	13	16
am0058	0	0	0	0	0	0	0	0	0	4	0	4	4	10
am0059	0	0	0	0	0	0	2	2	2	6	4	6	10	12
am0060	0	0	0	0	0	0	2	0	1	2	2	2	2	4
am0061	0	0	0	0	0	0	1	4	5	6	4	6	6	6
am0062	0	0	0	0	0	0	1	1	1	4	1	2	4	5
am0063	0	0	0	0	0	0	4	7	9	5	5	4	5	7
am0064	0	0	0	0	0	0	3	2	2	5	3	8	7	12
am0065	0	0	0	0	0	0	5	3	3	13	5	14	17	25
am0066	0	0	0	0	0	0	2	1	1	2	3	4	4	5
am0067	0	0	0	0	0	0	1	0	0	0	1	2	1	2
am0068	0	0	0	0	0	0	4	2	3	3	6	6	5	9
am0069	0	0	0	0	0	0	2	5	7	5	5	10	6	14
am0070	0	0	0	0	0	0	1	1	1	3	1	7	3	9
am0071	0	0	0	0	0	0	0	1	1	5	0	0	5	5
am0072	0	0	0	0	0	0	1	1	1	2	1	2	2	1
am0073	0	0	0	0	0	0	2	3	3	6	7	8	8	13
am0074	0	0	0	0	0	0	3	1	1	2	3	2	3	2
am0075	0	0	0	0	0	0	0	0	0	0	0	0	0	0
am0076	0	0	0	0	0	0	3	0	0	6	3	6	8	11
am0077	0	0	0	0	0	0	4	0	0	4	4	1	4	8
am0078	0	0	0	0	0	0	0	0	0	0	0	0	0	0
am0079	0	0	0	0	0	0	0	1	1	0	1	4	0	4
am0080	0	0	0	0	0	0	2	2	3	1	2	2	1	2
am0081	0	0	0	0	0	0	3	1	1	6	6	10	6	13
am0082	0	0	0	0	0	0	2	0	0	1	2	5	3	4
am0083	0	0	0	0	0	0	1	1	1	1	1	2	1	2
am0084	0	1	0	0	0	0	0	2	2	1	2	1	1	2
am0085	0	0	0	0	0	0	1	1	1	1	1	2	1	2
am0086	0	0	0	0	0	0	2	0	0	1	2	0	2	0
am0087	0	0	0	0	0	0	1	2	3	0	2	1	0	0
am0088	0	0	0	0	0	0	0	0	0	2	0	0	2	2
am0089	0	0	0	0	0	0	0	4	4	4	2	8	4	9
am0090	0	0	0	0	0	0	0	1	1	2	0	2	2	2
am0091	0	0	0	0	0	0	2	0	1	3	3	3	3	4
am0092	0	0	0	0	0	0	0	2	2	1	0	1	1	2
am0093	0	0	0	0	0	0	1	1	1	2	1	0	3	2
am0094	0	0	0	0	0	0	2	1	1	5	3	4	5	5
am0095	0	0	0	0	0	0	4	0	0	3	5	8	5	6
am0096	0	0	0	0	0	0	3	3	3	5	4	5	6	8
am0097	0	0	0	0	0	0	3	0	1	5	4	3	5	6
am0098	0	0	0	0	0	0	0	0	0	3	0	1	3	3
am0099	0	0	0	0	0	0	1	2	2	3	3	4	4	6
am0100	0	0	0	0	0	0	1	0	0	0	1	0	0	0
am0101	0	0	0	0	0	0	0	0	0	0	0	0	0	0
am0102	0	0	0	0	0	0	0	2	2	0	0	8	0	9
am0103	0	0	0	0	0	0	2	3	3	2	2	5	3	2
am0104	0	0	0	0	0	0	0	0	0	0	0	0	0	0
am0105	0	0	0	0	0	0	2	2	2	4	2	1	5	5
am0106	0	0	0	0	0	0	4	5	6	2	8	3	5	4
am0107	0	0	0	0	0	0	2	3	3	2	2	3	3	4
am0108	0	0	0	0	0	0	2	5	5	5	6	2	5	5
am0109	0	0	0	0	0	0	4	11	11	7	5	0	9	6
am0110	0	0	0	0	0	0	8	11	13	6	12	13	9	11
am0111	0	0	0	0	0	0	0	1	1	0	1	2	0	2
am0112	0	0	0	0	0	0	2	1	2	3	2	3	3	5
am0113	0	0	0	0	0	0	2	4	5	4	3	4	4	8
am0114	0	0	0	0	0	0	1	2	3	2	1	5	2	9
am0115	0	0	0	0	0	0	4	1	1	3	5	5	5	6
am0116	0	0	0	0	0	0	3	2	2	3	5	7	5	7
am0117	0	0	0	0	0	0	5	2	3	9	6	5	11	9
am0118	0	0	0	0	0	0	4	1	1	4	5	3	6	6
am0119	0	0	0	0	0	0	2	4	5	5	3	1	5	6
am0120	0	0	0	0	0	0	4	0	0	5	4	3	7	8
am0121	0	0	0	0	0	1	2	2	2	4	3	6	4	7
am0122	0	0	0	0	0	0	2	3	3	1	4	3	2	4
am0123	0	0	0	0	0	0	1	6	7	1	5	7	2	8
am0124	0	0	0	0	0	0	3	4	4	6	7	3	6	6
am0125	0	0	0	0	0	0	1	2	2	2	1	5	2	6
am0126	0	0	0	0	0	0	4	8	8	3	7	0	4	1
am0127	0	0	0	0	0	0	1	3	3	3	4	1	3	3
am0128	0	0	0	0	0	0	4	6	7	7	8	12	10	16
am0129	0	0	0	0	0	0	1	3	3	5	4	8	6	12
am0130	0	0	0	0	0	0	1	0	0	1	1	1	1	2
am0131	0	0	0	0	0	0	2	1	2	2	2	5	2	3
am0132	0	0	0	0	0	0	2	0	0	4	2	3	5	8
am0134	0	0	0	0	0	0	4	0	0	3	5	1	4	1
am0135	0	0	0	0	0	0	2	1	1	3	2	2	4	4
am0136	0	0	0	0	0	0	3	9	10	6	5	8	6	12
am0137	0	0	0	0	0	0	3	4	4	5	3	7	6	4
am0138	0	0	0	0	0	0	3	4	6	3	4	3	3	5
am0139	0	0	0	0	0	0	3	2	3	2	4	0	4	1
am0140	0	0	0	0	0	0	3	0	1	5	3	4	5	6
am0141	0	0	0	0	0	0	1	0	0	2	1	1	3	2
am0142	0	0	0	0	0	0	3	1	2	1	3	3	2	3
am0143	0	0	0	0	0	0	9	8	9	12	15	13	16	21
am0146	0	0	0	0	0	0	6	6	9	7	6	4	8	9
am0147	0	0	0	0	0	0	2	6	7	3	5	2	3	5
am0148	0	0	0	0	0	0	4	15	17	8	8	7	9	10
am0149	0	0	0	0	0	0	3	11	11	1	4	1	3	2
am0150	0	0	0	0	0	0	6	7	10	5	9	6	5	8
am0151	0	0	0	0	0	0	0	0	0	1	0	3	1	4
am0152	0	0	0	0	0	0	0	0	0	0	1	2	0	2
am0153	0	0	0	0	0	0	0	0	0	0	0	0	0	0
am0155	0	0	0	0	0	0	1	2	3	2	1	3	2	5
am0156	0	0	0	0	0	0	3	2	2	4	5	5	5	6
am0157	0	0	0	0	1	0	3	1	1	3	3	3	4	4
am0158	0	0	0	0	0	0	2	2	2	4	2	5	5	8
am0159	0	0	0	0	0	0	1	2	2	2	2	6	2	7
am0160	0	0	0	0	0	0	3	4	4	3	5	8	4	9
am0161	0	0	0	0	0	0	0	0	0	1	1	3	1	4
am0162	0	0	0	0	0	0	6	7	8	10	9	16	10	20
am0163	0	0	0	0	0	0	1	1	1	2	2	4	2	6
am0164	0	0	0	0	0	0	0	3	3	0	2	5	0	5
am0165	0	0	0	0	0	0	0	2	2	1	0	2	1	3
am0166	0	0	0	0	0	0	2	0	0	1	2	1	3	6
am0167	0	0	0	0	0	0	0	0	0	0	0	1	0	0
am0168	0	0	0	0	0	0	0	0	0	0	0	0	0	0
am0169	0	0	0	0	0	0	3	3	3	4	7	2	5	5
am0171	0	0	0	0	0	0	4	5	6	5	6	7	8	9
am0172	0	0	0	0	0	1	6	8	10	9	10	7	11	14
am0173	0	0	0	0	0	0	0	1	1	3	0	1	3	4
am0174	0	0	0	0	0	0	0	5	6	2	3	2	2	4
am0175	0	0	0	0	0	0	4	8	8	5	8	1	5	5
am0176	0	0	0	0	0	0	1	0	1	2	1	0	2	2
am0177	0	0	0	0	0	0	3	2	4	1	5	1	3	2
am0178	0	0	0	0	0	0	3	7	8	2	4	15	2	13
am0179	0	0	0	0	0	0	2	4	4	7	2	4	8	8
am0180	0	0	0	0	0	0	1	1	2	0	1	4	0	4
am0181	0	0	0	0	0	0	5	4	6	5	12	12	6	13
am0182	0	0	0	0	0	0	2	4	4	4	3	6	5	11
am0183	0	0	0	0	0	0	5	2	3	6	7	6	6	9
am0184	0	0	0	0	0	0	2	3	4	3	5	7	4	10
am0185	0	0	0	0	0	0	7	6	9	4	11	2	6	3
am0186	0	0	0	0	1	0	0	2	2	1	0	3	1	4
am0187	0	0	0	0	0	0	2	6	9	3	7	6	4	8
am0188	0	0	0	0	0	1	1	2	4	2	2	6	2	7
am0189	0	0	0	0	0	0	5	7	9	4	9	4	7	6
am0190	0	0	0	0	0	0	2	1	3	7	4	6	7	9
am0192	0	0	0	0	0	0	0	0	0	0	0	0	0	0
am0194	0	0	0	0	0	0	1	0	1	0	1	2	0	2
am0195	0	0	0	0	0	0	2	1	1	7	3	4	8	11
am0196	0	0	0	0	0	0	4	4	6	8	6	3	9	8
am0197	0	0	0	0	0	0	5	4	4	4	7	3	5	5
am0198	0	0	0	0	0	0	9	7	10	5	13	8	9	12
am0199	0	0	0	0	0	0	6	10	12	6	11	5	12	11
am0200	0	0	0	0	0	0	5	11	12	4	7	2	6	4
am0201	0	0	0	0	0	0	2	0	2	1	2	5	2	7
am0202	0	0	0	0	0	0	2	0	0	4	2	2	4	4
am0203	0	0	0	0	0	0	5	8	9	5	7	11	7	13
am0204	0	0	0	0	0	0	8	5	9	11	10	7	14	15
am0205	0	0	0	0	0	0	7	11	15	16	11	21	18	33
am0206	0	0	0	0	0	0	0	3	3	0	0	1	0	1
am0207	0	0	0	0	0	0	4	5	6	6	5	8	7	12
am0208	0	0	0	0	0	0	4	1	1	5	4	5	6	5
am0209	0	0	0	0	0	0	3	2	2	5	5	9	7	10
am0210	0	0	0	0	0	0	0	0	1	4	1	5	4	8
am0211	0	0	0	0	0	0	6	1	4	4	6	5	4	8
am0212	0	0	0	0	0	0	1	5	6	3	4	7	4	9
am0213	0	0	0	0	0	0	2	0	0	2	2	2	2	1
am0214	0	0	0	0	0	0	4	8	9	6	8	6	8	12
am0215	0	0	0	0	0	0	4	5	7	3	8	5	3	5
am0216	0	0	1	0	0	0	4	7	9	7	6	8	8	11
am0217	0	0	0	0	0	0	2	0	0	3	2	2	5	5
am0218	0	0	0	0	0	0	7	1	1	17	9	10	18	21
am0219	0	0	0	0	0	0	2	5	5	3	4	1	3	3
am0220	0	0	0	0	0	0	19	15	16	16	28	5	24	19
am0221	0	0	0	0	0	0	2	6	6	3	3	2	4	7
am0222	0	0	0	0	0	1	0	3	4	2	2	2	2	2
am0223	0	0	0	0	0	0	7	1	4	4	8	9	8	13
am0224	0	0	0	0	0	0	1	0	1	1	1	0	1	1
am0225	0	0	0	0	0	0	8	4	7	12	14	8	16	17
am0226	0	0	0	0	0	0	3	5	6	4	5	5	5	8
am0227	0	0	0	0	0	0	2	2	2	1	2	4	3	5
am0228	0	0	0	0	0	0	3	1	3	8	5	8	9	14
am0229	0	0	0	0	0	0	3	4	4	3	4	2	6	3
am0230	0	0	0	0	0	0	3	2	2	3	5	2	4	4
am0231	0	0	0	0	0	0	3	1	2	5	4	2	6	5
