	0	1	2	3	4	5	6	7	8	9	10	11	12	13	14	15	16	17	18	19	20	21	22	23	24	25	26	27	28	29	30	31	32	33	34	35	36	37	38	39	40	41	42	43	44	45	46	47	48	49	50	51	52	53	54	55	56	57	58	59	60	61	62	63	64	65	66	67	68	69	70	71	72	73	74	75	76	77	78	79	80	81	82	83	84	85	86	87
am0001	0	0	0	0	0	0	0	0	0	0	0	0	0	0	0	0	0	0	0	0	0	0	0	0	0	0	0	0	2	2	1	4	4	1	1	1	3	1	2	2	3	3	2	2	4	2	3	3	4	1	1	2	3	2	3	5	4	1	3	3	6	4	6	5	1	1	1	1	4	4	2	4	3	6	1	7	6	4	4	1	8	1	10	1	6	6	1	60
am0002	0	0	0	0	0	0	0	0	0	0	0	0	0	0	0	0	0	0	0	0	0	0	0	0	0	0	0	0	2	2	0	2	2	1	1	0	1	0	1	1	2	2	1	1	2	0	3	3	1	1	1	5	2	1	4	3	1	1	3	2	4	2	4	3	6	2	2	2	3	3	1	2	3	4	5	3	0	4	4	6	5	2	6	2	4	4	3	38
am0003	0	0	0	0	0	0	0	0	0	0	0	0	0	0	0	0	0	0	0	0	0	0	0	0	0	0	0	0	1	1	0	0	0	0	0	0	2	0	0	0	0	0	2	1	0	0	2	2	2	2	2	1	2	0	2	1	2	2	0	2	0	2	2	0	8	2	2	2	0	0	0	2	4	4	0	3	0	3	3	10	4	2	2	2	4	1	2	25
am0004	0	0	0	0	0	0	0	0	0	0	0	0	0	0	0	0	0	0	0	0	0	0	0	0	0	0	0	0	1	1	1	0	0	1	0	2	2	0	1	1	1	1	1	0	0	0	0	0	4	1	1	1	1	0	0	1	4	3	1	0	2	1	4	0	1	1	1	1	5	5	2	1	1	1	1	1	1	6	6	2	1	3	4	0	2	5	3	17
am0005	0	0	0	0	0	0	0	0	0	0	0	0	0	0	0	0	0	0	0	0	0	0	0	0	0	0	0	0	4	4	3	2	2	6	0	0	3	0	0	1	6	6	4	3	3	1	4	4	4	3	3	8	4	0	4	7	4	3	5	5	6	5	5	4	2	3	3	3	3	3	2	7	2	6	7	5	5	12	12	2	6	8	7	8	5	7	10	71
am0006	0	0	0	0	0	0	0	0	0	0	0	0	0	0	0	0	0	0	0	0	0	0	0	0	0	0	0	0	8	8	8	7	7	11	11	13	13	10	10	10	22	22	7	5	9	8	4	4	12	17	17	13	14	15	6	26	17	18	16	12	21	12	20	14	18	17	17	17	20	20	17	18	23	19	21	16	24	24	24	26	22	27	30	27	32	34	37	308
am0007	0	0	0	0	0	0	0	0	0	0	0	0	0	0	0	0	0	0	0	0	0	0	0	0	0	0	0	0	9	9	16	20	20	10	6	10	16	5	15	15	17	17	10	26	12	17	18	18	26	14	14	13	13	10	22	25	27	20	41	32	35	20	39	20	34	41	41	41	36	36	26	20	34	49	51	46	40	30	30	48	65	43	50	42	47	53	58	465
am0008	0	0	0	0	0	0	0	0	0	0	0	0	0	0	0	0	0	0	0	0	0	0	0	0	0	0	0	0	18	18	25	35	35	32	17	25	28	29	21	21	19	19	18	23	20	30	35	35	34	34	34	37	26	35	43	32	39	39	25	38	32	33	33	24	28	30	30	30	34	34	28	32	40	30	33	59	31	64	64	33	41	54	53	61	63	56	76	572
am0009	0	1	0	0	0	0	0	0	0	0	0	0	0	0	0	0	0	0	0	0	0	0	0	0	0	0	0	0	18	18	16	31	31	29	17	19	16	22	23	24	24	24	20	31	29	20	35	35	25	18	18	36	29	28	46	36	28	27	45	46	23	29	52	47	54	64	64	64	52	52	40	40	59	64	65	75	69	58	58	81	70	85	75	77	90	80	106	635
am0010	0	0	0	0	0	0	0	0	0	0	0	0	0	0	0	0	0	0	0	0	0	0	0	0	0	0	0	0	6	6	9	22	25	15	7	14	9	12	9	9	30	30	13	20	21	17	20	20	11	14	14	20	25	13	27	32	14	19	26	28	32	20	45	39	48	49	49	49	20	20	13	35	34	39	39	47	39	43	43	66	48	52	62	55	48	45	70	494
am0011	0	0	0	0	0	0	0	0	0	0	0	0	0	0	0	0	0	0	0	0	0	0	0	0	0	0	0	0	4	4	2	3	3	4	3	2	4	4	2	2	5	5	2	10	4	10	11	11	7	12	12	8	13	4	15	8	8	15	13	12	13	4	16	6	15	14	14	14	17	17	8	15	18	12	12	18	7	9	9	21	18	23	31	29	24	24	36	190
am0012	0	0	0	0	0	0	0	0	0	0	0	0	0	0	0	0	0	0	0	0	0	0	0	0	0	0	0	0	5	5	4	7	7	5	6	6	3	8	9	9	7	7	7	3	8	9	6	6	6	7	7	7	8	10	7	7	7	8	18	7	13	8	11	13	13	11	11	11	10	10	9	12	21	15	8	17	11	11	12	19	20	10	15	15	31	18	17	191
am0013	0	0	0	0	0	0	0	0	0	0	0	0	0	0	0	0	0	0	0	0	0	0	0	0	0	0	0	0	9	9	4	17	17	6	9	10	3	9	7	7	9	9	9	5	8	10	5	5	7	11	11	12	13	12	10	13	7	12	24	7	11	11	6	10	29	23	23	23	7	7	13	15	19	26	23	33	17	22	22	30	30	33	11	22	27	17	38	223
am0014	0	0	0	0	0	0	0	0	0	0	0	0	0	0	0	0	0	0	0	0	0	0	0	0	0	0	0	0	12	12	10	3	3	10	10	10	8	11	9	9	10	10	7	6	10	10	11	11	14	10	10	18	10	15	15	14	19	10	9	8	9	10	9	12	17	20	20	20	16	16	16	13	20	19	23	24	24	28	28	20	22	32	12	36	33	24	45	245
am0015	0	0	0	0	0	0	0	0	0	0	0	0	0	0	0	0	0	0	0	0	0	0	0	0	0	0	0	0	2	2	1	15	15	2	2	1	0	2	2	2	1	1	3	5	3	2	5	5	3	2	2	3	5	2	5	1	3	2	9	5	4	8	9	7	10	4	4	4	5	5	4	10	11	12	5	14	7	6	6	13	15	18	15	14	15	14	22	87
am0016	0	0	0	0	0	0	0	0	0	0	0	0	0	0	0	0	0	0	0	0	0	0	0	0	0	0	0	0	3	3	7	11	12	4	11	6	7	9	13	13	9	9	5	6	3	7	4	4	8	9	9	4	8	13	6	11	11	10	16	6	11	7	7	5	11	22	22	22	12	12	14	12	18	15	11	23	13	16	16	20	19	14	15	19	23	22	24	194
am0017	0	0	0	0	0	0	0	0	0	0	0	0	0	0	0	0	0	0	0	0	0	0	0	0	0	0	0	0	0	0	0	2	2	0	1	2	4	2	1	1	0	0	4	1	1	6	3	3	9	5	5	0	5	2	3	2	10	6	2	1	0	6	1	2	4	5	5	5	5	5	4	5	2	6	6	5	8	4	4	5	6	4	1	0	5	9	4	43
am0018	0	0	0	0	0	0	0	0	0	0	0	0	0	0	0	0	0	0	0	0	0	0	0	0	0	0	0	0	5	5	5	12	12	6	9	7	6	9	17	17	8	8	7	13	5	8	18	18	8	10	10	11	11	14	21	12	9	13	21	23	21	10	10	7	15	17	17	17	23	23	28	14	19	20	23	22	14	28	28	24	28	21	21	35	32	33	40	251
am0019	0	0	0	0	0	0	0	0	0	0	0	0	0	0	0	0	0	0	0	0	0	0	0	0	0	0	1	0	0	0	0	0	0	0	0	0	0	0	0	0	0	0	0	0	0	0	0	0	0	0	0	0	0	0	0	0	0	0	0	0	0	0	0	0	0	0	0	0	0	0	0	0	0	0	0	0	0	0	0	0	0	0	0	0	0	0	0	0
am0020	0	0	0	0	0	0	0	0	0	0	0	0	0	0	0	0	0	0	0	0	0	0	0	0	0	0	0	0	0	0	4	3	3	0	3	0	1	1	3	3	5	5	1	0	2	3	4	4	2	5	5	0	2	3	4	5	3	6	9	1	4	1	3	2	9	2	2	2	6	6	4	3	4	9	7	6	8	2	2	9	9	3	7	3	6	9	4	81
am0021	0	0	0	0	0	0	0	0	0	0	0	0	0	0	0	0	0	0	0	0	0	0	0	0	0	0	0	0	5	5	4	7	7	3	3	2	9	4	4	4	8	8	6	2	6	9	5	5	8	9	9	6	9	6	7	12	11	11	14	4	11	10	14	8	5	10	10	10	10	10	7	14	11	18	17	13	15	19	19	10	19	17	19	20	11	20	24	153
am0022	0	0	0	0	0	0	0	0	0	0	0	0	0	0	0	0	0	0	0	0	0	0	0	0	0	0	0	0	3	3	4	9	9	4	5	6	5	7	8	8	18	18	3	8	5	5	7	8	6	6	6	3	7	9	9	20	8	9	19	10	25	5	21	8	25	19	19	19	24	24	17	11	20	21	23	31	16	12	12	28	27	34	34	36	30	33	52	250
am0023	0	0	0	0	0	0	0	0	0	0	0	0	0	0	0	0	0	0	0	0	0	0	0	0	0	0	0	0	6	6	1	2	2	3	3	0	4	1	4	4	7	7	4	5	1	2	5	5	10	1	1	8	1	3	8	11	11	1	4	5	10	9	10	2	12	6	6	6	11	11	4	1	15	6	5	10	9	5	5	15	6	14	16	14	19	12	16	95
am0024	0	0	0	0	0	0	0	0	0	0	0	0	0	0	0	0	0	0	0	0	0	0	0	0	0	0	0	0	2	2	4	5	5	5	7	4	5	7	7	7	4	4	6	3	3	0	4	4	5	1	1	4	1	9	4	6	6	1	3	4	4	6	9	3	3	7	7	7	5	5	14	1	14	5	14	10	5	6	6	5	5	15	10	9	20	6	16	86
am0025	0	0	0	0	0	0	0	0	0	0	0	0	0	0	0	1	0	0	0	0	0	0	0	0	0	0	0	0	1	1	3	4	4	3	6	7	7	7	9	9	5	5	5	6	7	5	6	6	5	6	6	2	10	9	6	8	7	8	20	10	13	8	18	11	12	13	14	13	10	10	14	13	12	19	11	12	18	27	27	17	26	16	27	16	17	21	24	194
am0026	0	0	0	0	0	0	0	0	0	0	0	0	0	0	0	0	0	0	0	0	0	0	0	0	0	0	0	0	4	4	5	7	7	7	2	0	2	1	3	3	3	3	4	7	4	6	10	10	4	4	4	5	5	2	11	3	5	6	9	11	4	7	7	5	10	8	8	8	10	10	4	6	17	15	13	10	7	15	15	15	15	29	12	30	22	13	36	126
am0027	0	0	0	0	0	0	0	0	0	0	0	0	0	0	0	0	0	0	0	0	0	0	0	0	0	0	0	0	4	4	1	12	12	3	0	0	2	2	5	5	2	2	13	6	3	4	3	3	2	6	6	6	5	0	6	4	4	6	9	8	5	17	12	9	6	17	17	17	11	11	9	11	21	15	17	23	15	18	18	13	16	11	15	17	24	20	19	118
am0028	0	0	0	0	0	0	0	0	0	0	0	0	0	0	0	0	0	0	0	0	0	0	0	0	0	0	0	0	3	3	3	2	2	4	1	0	4	2	1	1	10	10	4	0	1	2	0	0	4	2	2	6	2	3	0	10	7	2	1	0	2	5	5	1	7	6	6	6	4	4	2	3	11	4	5	9	8	16	16	9	4	4	5	6	14	6	8	79
am0029	0	0	0	0	0	0	0	0	0	0	0	0	0	0	0	0	0	0	0	0	0	0	0	0	0	0	0	0	1	1	4	4	4	6	2	1	4	1	3	3	3	3	4	7	9	13	6	6	5	15	15	1	12	2	10	9	5	20	2	7	3	9	11	11	16	16	16	16	7	7	5	16	11	5	7	14	10	8	8	22	5	11	13	9	20	15	11	150
am0030	0	0	0	0	0	0	0	0	0	0	0	0	0	0	0	0	0	0	0	0	0	0	0	0	0	0	0	0	13	13	14	19	19	15	13	19	13	14	13	13	18	18	20	11	21	17	22	22	25	21	21	22	23	19	23	22	29	24	34	17	35	34	29	32	42	40	40	40	33	33	17	29	26	38	26	31	42	37	37	57	53	32	44	35	42	58	48	504
am0031	0	0	0	0	0	0	0	0	0	0	0	0	0	0	0	0	0	0	0	0	0	0	0	0	0	0	0	0	6	6	2	13	13	3	3	3	4	1	8	8	4	4	8	6	10	8	11	11	6	3	3	6	6	4	12	6	6	4	12	13	7	10	6	15	20	17	17	17	9	9	13	15	19	21	23	24	13	18	18	30	21	25	15	29	27	22	37	154
am0039	0	0	0	0	0	0	0	0	0	0	0	0	0	0	0	0	0	0	0	0	0	0	0	0	0	0	0	0	11	11	7	12	12	10	16	9	7	9	14	14	12	12	11	14	10	11	17	17	9	15	15	14	21	18	18	16	10	15	17	23	8	16	18	23	24	12	12	12	13	13	24	35	26	22	30	35	15	36	36	29	29	49	30	41	44	43	64	290
am0051	0	0	0	0	0	0	0	0	0	0	0	0	0	0	0	0	0	0	0	0	0	0	0	0	0	0	0	0	2	2	6	6	6	4	5	3	4	4	8	8	11	11	8	7	8	5	7	7	5	2	2	2	6	7	10	13	5	4	6	8	8	11	17	12	12	1	1	1	14	14	16	8	15	10	14	17	2	12	12	12	12	15	25	10	20	20	21	161
am0052	0	0	0	0	0	0	0	0	0	0	0	0	0	0	0	0	0	0	0	0	0	0	0	0	0	0	0	0	5	5	0	13	13	3	2	0	4	1	3	3	7	7	12	3	5	5	9	9	5	2	2	6	1	2	11	9	6	3	9	5	7	13	8	6	9	12	12	12	15	15	6	3	12	9	7	20	9	13	13	17	10	21	12	21	22	18	29	101
am0053	0	0	0	0	0	0	0	0	0	0	0	0	0	0	0	0	0	0	0	0	0	0	0	0	0	0	0	0	5	5	3	19	19	4	16	10	10	16	14	14	10	10	10	10	5	4	12	12	12	3	3	7	6	22	12	13	16	4	15	12	7	13	20	12	18	19	19	19	20	20	24	9	21	25	25	30	19	20	20	25	31	16	26	16	29	27	18	209
am0054	0	0	0	0	0	0	0	0	0	0	0	0	0	0	0	0	0	0	0	0	0	0	0	0	0	0	0	0	7	7	4	1	1	4	6	10	12	12	8	8	4	4	12	11	15	8	8	8	18	12	12	8	18	15	10	10	23	13	4	14	3	15	12	22	16	19	19	19	12	12	13	23	13	5	13	11	18	15	15	21	6	11	16	10	18	30	15	192
am0055	0	0	0	0	0	0	0	0	0	0	0	0	0	0	0	0	0	0	0	0	0	0	0	0	0	0	0	0	2	2	7	7	7	6	5	7	3	5	2	2	5	5	7	9	4	3	6	6	4	9	9	4	5	6	8	7	5	10	2	11	0	8	10	6	11	5	5	5	14	14	8	6	5	7	8	12	4	11	11	14	7	20	15	18	9	19	24	126
am0056	0	0	0	0	0	0	0	0	0	0	0	0	0	0	0	0	0	0	0	0	0	0	0	0	0	0	0	0	2	2	1	7	7	0	4	4	6	5	4	4	5	5	6	5	4	0	4	4	7	3	3	2	3	7	4	6	8	3	13	7	6	9	9	5	4	12	12	12	15	15	6	4	10	15	14	11	8	15	15	7	16	11	16	11	14	17	16	107
am0057	0	0	0	0	0	0	0	0	0	0	0	0	0	0	0	0	0	0	0	0	0	0	0	0	0	0	0	0	3	3	3	8	8	5	12	16	6	19	8	8	10	10	14	10	11	9	11	11	7	16	15	7	11	22	15	13	8	20	12	15	19	20	24	13	17	21	21	21	16	16	11	21	22	18	12	32	15	25	25	23	23	24	36	19	37	31	33	280
am0058	0	0	0	0	0	0	0	0	0	0	0	0	0	0	0	0	0	0	0	0	0	0	0	0	0	0	0	0	1	1	4	12	12	2	6	5	3	7	11	11	5	5	3	10	9	10	8	8	5	8	8	1	9	10	12	7	5	10	10	13	6	7	17	12	18	14	14	14	9	9	15	11	11	16	19	35	16	12	12	22	17	9	20	10	15	17	16	182
am0059	0	0	0	0	0	0	0	0	0	0	0	0	0	0	0	0	0	0	0	0	0	0	0	0	0	0	0	0	2	2	2	11	11	4	4	7	4	8	7	7	6	6	4	9	5	2	17	17	3	4	4	5	6	9	18	6	5	6	10	20	6	7	7	9	15	11	11	11	4	4	14	6	10	16	16	16	17	11	11	16	17	19	12	15	16	7	19	141
am0060	0	0	0	0	0	0	0	0	0	0	0	0	0	0	0	0	0	0	0	0	0	0	0	0	0	0	0	0	1	1	2	4	4	4	2	10	4	8	6	6	5	5	6	8	5	6	3	3	9	6	6	2	6	8	6	6	10	7	10	9	5	11	6	7	23	11	11	11	16	16	7	9	16	8	8	9	12	8	8	25	13	16	13	12	17	23	19	154
am0061	0	0	0	0	0	0	0	0	0	0	0	0	0	0	0	0	0	0	0	0	0	0	0	0	0	0	0	0	5	5	5	18	18	7	8	9	5	3	9	9	9	9	14	7	14	8	9	9	10	19	19	7	23	9	14	11	12	20	19	12	16	20	11	24	10	12	12	12	11	11	15	31	28	27	21	32	18	23	23	14	33	27	20	33	38	33	45	272
am0062	0	0	0	0	0	0	0	0	0	0	0	0	0	0	0	0	0	0	0	0	0	0	0	0	0	0	0	0	1	1	1	4	4	4	1	2	6	3	5	5	2	2	2	2	2	1	2	2	8	0	0	4	2	3	2	7	8	0	1	6	4	4	4	2	3	4	4	4	4	4	10	3	6	4	7	14	9	3	3	5	4	4	7	3	12	7	4	56
am0063	0	0	0	0	0	0	0	0	0	0	0	0	0	0	0	0	0	0	0	0	0	0	0	0	0	0	0	0	3	3	0	1	1	2	2	4	0	3	0	0	0	0	1	0	0	0	0	0	1	4	4	5	0	3	0	0	1	4	0	0	0	1	2	0	4	2	2	2	4	4	0	0	6	2	2	4	1	10	10	6	2	3	2	1	7	4	3	28
am0064	0	0	0	0	0	0	0	0	0	0	0	0	0	0	0	0	0	0	0	0	0	0	0	0	0	0	0	0	0	0	0	1	1	0	0	0	1	0	0	0	1	1	1	0	0	0	0	0	0	0	0	0	0	0	0	1	1	0	0	0	1	1	3	0	2	2	2	2	2	2	0	2	0	0	0	3	2	0	0	2	0	2	4	0	0	4	2	15
am0065	0	0	0	0	0	0	0	0	0	0	0	0	0	0	0	0	0	0	0	0	0	0	0	0	0	0	0	0	3	3	2	5	5	4	1	5	4	3	1	1	2	2	1	1	2	3	2	2	6	1	1	5	1	3	2	3	7	1	8	1	8	2	3	3	4	2	2	2	5	5	4	2	10	9	14	11	7	2	2	4	12	10	10	8	13	7	10	80
am0066	0	0	0	0	0	0	0	0	0	0	0	0	0	0	0	0	0	0	0	0	0	0	1	1	0	0	0	0	5	5	3	2	2	2	6	6	1	6	6	6	3	3	5	5	2	4	2	2	0	9	9	7	10	8	5	3	1	12	5	6	2	7	6	5	11	10	10	10	9	9	7	12	8	10	7	8	11	10	10	12	10	18	10	12	13	16	22	113
am0067	0	0	0	0	0	0	0	0	0	0	0	0	0	0	0	0	0	0	0	0	0	0	0	0	0	0	0	0	1	1	2	5	5	2	9	4	2	5	10	10	2	2	7	3	5	2	4	4	6	6	6	2	7	10	4	2	7	7	8	3	5	8	10	6	9	8	8	8	11	11	16	8	7	9	17	14	12	17	17	13	13	13	12	15	11	17	19	108
am0068	0	0	0	0	0	0	0	0	0	0	0	0	0	0	0	0	0	0	0	0	0	0	0	0	0	0	0	0	3	3	2	3	3	1	3	7	2	6	6	6	2	2	7	5	3	7	5	5	3	8	8	4	11	7	6	4	3	10	9	9	4	12	11	5	9	10	10	10	7	7	10	15	12	9	11	11	8	8	8	15	11	18	13	15	14	18	22	131
am0069	0	0	0	0	0	0	0	0	0	0	0	0	0	0	0	0	0	0	0	1	0	0	0	0	0	0	0	0	4	4	1	4	4	1	2	1	7	4	1	1	7	7	5	2	4	2	3	3	9	0	0	7	3	2	3	10	12	1	9	3	9	10	14	6	12	12	12	12	16	16	3	5	24	9	20	23	6	15	15	19	11	27	18	17	36	21	32	112
am0070	0	0	0	0	0	0	0	0	0	0	0	0	0	0	0	0	0	0	0	0	0	0	0	0	0	0	0	0	2	2	3	4	4	4	2	2	1	3	1	1	5	5	2	4	8	4	6	6	1	4	4	3	5	3	9	9	1	4	5	4	2	3	7	10	6	7	7	7	3	3	4	10	8	10	11	19	10	10	10	7	12	20	10	18	14	11	24	104
am0071	0	0	0	0	0	0	0	0	0	0	0	0	0	0	0	0	0	0	0	0	0	0	0	0	0	0	0	0	3	3	2	2	2	1	3	5	3	2	4	4	6	6	2	6	3	3	5	5	3	8	8	5	7	3	6	10	3	9	4	7	3	4	9	6	2	8	8	8	13	13	9	9	12	7	11	17	10	4	4	8	7	14	20	17	17	19	19	109
am0072	0	0	0	0	0	0	0	0	0	0	0	0	0	0	0	0	0	0	0	0	0	0	0	0	0	0	0	0	4	4	0	9	9	0	2	3	4	5	3	3	3	3	9	3	4	5	5	5	4	5	5	4	6	3	7	5	5	6	12	4	10	10	10	6	9	12	12	12	12	12	9	6	23	11	14	20	14	12	12	13	15	16	13	14	32	16	20	117
am0073	0	0	0	0	0	0	0	0	0	0	0	0	0	0	0	0	0	0	0	0	0	0	0	0	0	0	0	0	11	11	17	10	10	22	21	13	11	20	22	22	14	14	10	13	20	13	14	14	17	32	32	21	21	28	22	19	23	34	20	20	17	20	25	31	36	25	25	25	36	36	32	34	38	30	38	34	37	38	38	50	33	45	46	35	57	62	55	468
am0074	0	0	0	0	0	0	0	0	0	0	0	0	0	0	0	0	0	0	0	0	0	0	0	0	0	0	0	0	4	4	1	4	4	2	2	1	4	7	3	3	4	4	2	2	2	4	2	2	3	3	3	8	2	7	2	6	5	3	8	2	7	4	6	3	9	6	6	6	11	11	3	3	4	7	3	10	10	5	5	13	9	11	9	15	6	13	20	86
am0075	0	0	0	0	0	0	0	0	0	0	0	0	0	0	0	0	0	0	0	0	0	0	0	0	0	0	0	0	3	3	1	7	7	1	0	1	1	1	2	2	2	2	3	2	3	1	2	2	1	8	8	3	7	1	2	3	1	8	2	4	1	3	1	4	2	5	5	5	2	2	2	8	7	10	10	16	7	9	9	3	11	10	3	13	11	5	13	67
am0076	0	0	0	0	0	0	0	0	0	0	0	0	0	0	0	0	0	0	0	0	0	0	0	0	0	0	0	0	6	6	4	11	11	9	6	9	3	10	5	5	4	4	2	9	11	6	14	14	7	2	2	7	3	11	18	6	7	5	10	15	12	4	13	14	20	13	13	13	22	22	12	7	28	11	19	25	22	24	24	24	13	23	28	30	35	29	37	212
am0077	0	0	0	0	0	0	0	0	0	0	0	0	0	0	0	0	0	0	0	0	0	0	0	0	0	0	0	0	4	4	5	7	7	9	3	10	9	9	9	9	8	8	10	8	8	6	9	9	10	16	16	5	14	9	10	11	14	17	7	11	8	14	14	12	20	20	19	19	14	14	15	21	17	14	18	12	14	18	18	28	16	27	22	30	22	26	37	214
am0078	0	0	0	0	0	0	0	0	0	0	0	0	0	0	0	0	0	0	0	0	0	1	0	0	0	0	0	0	7	7	2	2	2	3	1	5	9	4	0	0	6	6	8	5	2	4	4	4	7	4	4	10	6	4	5	10	11	5	8	8	9	10	10	3	6	5	5	5	12	12	0	7	18	13	8	3	2	9	9	11	14	11	14	10	19	18	16	123
am0079	0	0	0	0	0	0	0	0	0	0	0	0	0	0	0	0	0	0	0	0	0	0	0	0	0	0	0	0	4	4	5	6	6	5	5	5	7	5	4	4	4	4	7	7	6	4	4	4	7	6	6	10	10	8	7	8	10	7	6	8	8	9	11	13	5	12	12	12	12	12	7	14	12	6	11	12	8	16	16	14	8	27	13	26	16	23	33	134
am0080	0	0	0	0	0	0	0	0	0	0	0	0	0	0	0	0	0	0	0	0	0	0	0	0	0	0	0	0	2	2	1	2	2	1	2	2	1	2	1	1	2	2	1	0	2	4	2	2	1	3	3	2	1	3	2	3	1	3	2	0	4	2	2	2	0	0	0	0	0	0	1	3	9	1	0	10	0	3	3	0	2	1	2	2	10	2	2	41
am0081	0	0	0	0	0	0	0	0	0	0	0	0	0	0	0	0	0	0	0	0	0	0	0	0	0	0	0	0	7	7	7	15	15	6	3	5	3	10	6	6	14	14	8	15	9	5	13	13	8	11	11	11	19	10	13	14	9	14	12	21	10	8	15	19	15	20	20	20	16	16	12	23	18	16	19	15	36	18	18	19	19	34	18	32	29	33	45	248
am0082	0	0	0	0	0	0	0	0	0	0	0	0	0	0	0	0	0	0	0	0	0	0	0	0	0	0	0	0	0	0	2	14	14	3	1	1	7	1	4	4	7	7	8	3	1	0	6	6	9	1	1	0	3	1	7	10	10	1	8	6	10	14	14	3	10	9	9	9	9	9	7	4	21	13	13	19	8	19	19	14	14	14	16	15	29	12	20	114
am0083	0	0	0	0	0	0	0	0	0	0	0	0	0	0	0	0	0	0	0	0	0	0	0	0	0	0	0	0	18	18	13	7	7	17	16	22	10	23	14	14	9	9	12	15	20	8	18	18	19	13	13	26	19	29	22	13	23	14	20	23	14	20	19	28	36	36	36	36	32	32	25	25	26	21	23	17	46	36	36	50	28	30	30	35	32	49	41	384
am0084	0	0	0	0	0	0	0	0	0	0	0	0	0	0	0	0	1	0	0	0	0	0	0	0	0	0	0	1	9	9	8	8	8	10	12	12	11	14	12	12	11	11	6	14	5	14	11	11	16	11	11	13	11	16	14	14	23	13	14	17	18	13	16	9	20	14	14	14	22	22	22	15	11	11	9	11	16	29	29	27	18	28	27	16	18	35	31	255
am0085	0	0	0	0	0	0	0	0	0	0	0	0	0	0	0	0	0	0	0	0	0	0	0	0	0	0	0	0	6	6	8	7	7	11	6	8	8	7	9	9	6	6	10	21	11	8	17	17	15	19	19	11	23	8	20	7	17	22	15	29	15	13	13	17	30	16	16	16	22	22	12	33	15	17	16	11	17	17	17	32	25	26	23	20	18	47	27	291
am0086	1	0	0	0	0	0	0	0	0	0	0	0	0	0	0	0	0	0	0	0	0	0	0	0	0	0	0	1	12	12	17	7	7	15	15	11	16	14	21	21	18	18	17	17	15	12	13	13	19	23	23	16	22	18	16	26	23	24	26	24	32	22	17	26	26	33	33	33	20	20	31	25	19	31	35	20	49	34	34	35	41	45	27	41	29	36	59	430
am0087	0	0	0	0	0	0	0	0	0	0	0	0	0	0	0	0	0	0	0	0	0	0	0	0	0	0	0	0	7	7	1	4	4	1	2	4	2	2	2	2	4	4	4	2	3	2	3	3	1	1	1	7	4	3	4	4	3	1	10	4	9	6	9	7	12	11	11	11	7	7	5	5	10	5	3	9	12	10	10	14	11	10	11	5	14	12	11	104
am0088	0	0	0	0	0	0	0	0	0	0	0	0	0	0	0	0	0	0	0	0	0	0	0	0	0	0	0	0	7	7	6	2	2	8	4	3	6	6	6	6	3	3	9	4	8	9	5	5	10	9	9	13	12	6	6	6	11	11	11	5	4	12	16	14	12	16	16	16	19	19	14	13	13	14	13	9	27	19	19	17	15	21	25	22	18	30	29	182
am0089	0	0	0	0	0	0	0	0	0	0	0	0	0	0	0	0	0	0	0	0	0	0	0	0	0	0	0	0	6	6	9	10	10	9	6	8	12	8	13	13	12	12	13	14	11	20	16	16	20	19	19	11	18	11	21	16	23	24	14	21	20	21	23	17	24	19	19	19	26	26	21	18	19	13	17	17	14	30	30	33	20	26	31	20	29	37	32	318
am0090	0	0	0	0	0	0	0	0	0	0	0	0	0	0	0	0	0	0	0	0	0	0	0	0	0	0	0	0	9	9	11	11	11	9	9	9	10	9	12	12	12	12	5	11	14	17	16	16	12	13	13	10	13	15	19	15	15	17	8	17	11	11	15	21	14	10	11	10	12	12	16	18	13	11	16	17	27	26	26	17	16	21	17	20	17	24	29	259
am0091	0	0	0	0	0	0	0	0	0	0	0	0	0	0	0	0	0	2	0	0	0	0	0	0	0	0	0	0	8	8	11	8	8	9	3	13	4	12	9	9	7	7	11	8	14	8	7	7	10	9	9	10	9	12	8	8	11	11	11	10	11	14	13	16	13	16	16	16	11	11	15	11	11	11	9	12	18	11	11	18	14	18	19	30	16	17	33	223
am0092	0	0	0	0	0	0	0	0	0	0	0	0	0	0	0	0	0	0	0	0	0	0	0	0	0	0	0	0	3	3	3	4	4	4	4	2	8	4	5	5	7	7	5	4	6	5	7	7	5	4	4	4	4	6	9	11	8	5	14	8	13	7	5	7	14	9	9	9	5	5	13	7	4	13	13	5	7	14	14	21	19	11	9	9	7	9	14	134
am0093	0	0	0	0	0	0	0	0	0	0	0	0	0	0	0	0	0	0	0	0	0	0	0	0	0	0	0	0	17	17	8	10	10	9	13	11	8	10	17	17	16	16	9	5	13	10	12	12	11	10	10	20	12	17	16	22	12	10	17	11	16	19	26	17	22	18	18	18	31	31	26	18	23	22	36	19	25	31	31	30	26	36	40	34	31	42	46	292
am0094	0	0	0	0	0	0	0	0	0	0	0	0	0	0	0	0	0	0	0	0	0	0	0	0	0	0	0	0	4	4	3	3	3	2	7	5	14	6	9	9	8	8	12	9	7	9	11	11	12	15	15	5	12	8	12	13	18	17	9	11	12	16	21	11	15	7	7	7	17	17	14	16	16	12	14	12	11	12	12	20	14	15	27	8	19	29	18	205
am0095	0	0	0	0	0	0	0	0	0	0	0	0	0	0	0	0	0	0	0	0	0	0	0	0	0	0	0	0	16	16	16	4	4	17	21	21	14	17	24	24	9	9	18	15	17	21	17	17	18	9	9	20	11	28	21	15	22	16	19	21	16	22	30	24	23	24	24	24	29	29	32	22	23	28	31	14	26	36	36	35	35	28	41	33	30	49	39	382
am0096	0	0	0	0	0	0	0	0	0	0	0	0	0	0	0	0	0	0	0	0	0	0	0	0	0	0	0	0	9	9	14	15	15	10	18	19	19	17	17	17	11	11	15	10	15	12	14	14	17	17	17	12	22	23	16	19	25	22	22	13	17	22	22	25	32	29	29	29	26	26	25	28	27	21	30	25	30	28	28	37	29	28	33	35	36	47	42	363
am0097	0	0	0	0	0	0	0	0	0	0	0	0	0	0	0	0	0	0	0	0	0	0	0	0	0	0	0	0	14	14	8	13	13	13	13	9	9	10	14	14	11	11	11	11	22	18	17	17	10	24	24	22	23	17	20	16	13	26	21	16	17	14	16	26	15	19	19	19	19	19	27	29	16	15	16	19	17	23	23	21	22	26	23	24	24	37	36	304
am0098	0	0	0	0	0	0	0	0	0	0	0	0	0	0	0	0	0	0	0	0	0	0	0	0	0	0	0	0	9	9	13	9	9	11	19	15	16	23	19	19	21	21	12	9	15	17	10	10	17	17	17	16	19	29	15	29	23	22	22	11	31	21	21	21	20	28	28	28	21	21	32	24	18	25	25	15	40	18	18	31	30	31	30	27	28	42	41	409
am0099	0	0	0	0	0	0	0	0	0	0	0	0	0	0	0	0	0	0	0	0	0	0	0	0	0	0	0	0	8	8	13	9	9	9	9	12	12	10	11	11	12	12	7	16	6	16	10	10	16	14	14	13	11	14	16	16	20	19	13	20	16	9	10	11	9	19	19	19	26	26	16	17	16	21	16	21	18	15	15	15	23	24	19	25	23	38	31	281
am0100	0	0	0	0	0	0	0	0	0	0	0	0	0	0	0	0	0	0	0	0	0	0	0	0	0	0	0	0	6	6	4	10	10	4	10	12	9	12	3	3	7	7	6	18	10	14	10	10	12	11	11	10	9	13	19	7	16	13	13	21	9	9	15	14	9	10	10	10	16	16	10	11	21	16	8	20	19	14	14	9	21	21	23	17	30	24	27	236
am0101	0	0	0	0	0	0	0	0	0	0	0	0	0	0	0	0	0	0	0	0	0	0	0	0	0	0	0	0	6	6	7	2	2	8	5	7	4	7	8	8	5	5	6	3	5	3	4	4	9	2	2	8	2	11	6	8	9	4	12	4	10	11	7	5	12	11	11	11	7	7	9	4	9	14	9	5	12	7	7	17	15	7	9	15	13	9	18	139
am0102	0	0	0	0	0	0	0	0	0	0	0	0	0	0	0	0	0	0	0	0	0	0	0	0	0	0	0	0	4	4	5	6	6	8	6	2	4	3	7	7	6	6	8	4	9	2	6	6	2	10	10	9	9	7	6	6	4	11	6	8	8	12	18	13	16	12	12	12	7	7	11	11	14	16	10	13	19	13	13	20	19	14	20	17	18	16	20	165
am0103	0	0	0	0	0	0	0	0	0	0	0	0	0	0	0	0	0	0	0	0	0	0	0	0	0	0	0	0	9	9	8	3	3	12	7	8	5	8	10	10	10	10	14	10	10	7	9	9	8	9	9	14	11	9	13	12	10	11	11	12	7	21	9	21	15	14	14	14	11	11	12	15	12	9	15	14	23	18	18	22	15	11	16	9	19	22	12	205
am0104	0	0	0	0	0	0	0	0	0	0	0	0	0	0	0	0	0	0	0	0	0	0	0	0	0	0	0	0	2	2	0	1	2	0	2	2	2	0	2	2	1	1	0	1	0	4	1	1	2	2	2	2	1	2	1	1	3	2	9	1	7	2	7	1	2	4	4	4	7	7	3	1	3	6	3	1	6	1	1	2	11	2	9	9	3	8	11	58
am0105	0	0	0	0	0	0	0	0	0	0	0	0	0	0	0	0	0	0	0	0	0	0	0	0	0	0	0	0	6	6	4	8	8	4	5	1	5	2	4	4	0	0	1	5	6	3	9	9	7	6	6	9	6	6	9	2	8	6	3	10	4	4	5	8	7	8	8	8	9	9	6	8	15	4	4	16	9	5	5	11	5	6	9	8	20	15	11	103
am0106	0	0	0	0	0	0	0	0	0	0	0	0	0	0	0	0	0	0	0	0	0	0	0	0	0	0	0	0	9	9	11	12	12	14	11	14	11	11	9	9	14	14	12	10	13	16	16	16	9	9	9	16	10	15	20	19	14	11	15	19	19	15	10	19	23	13	13	13	15	15	12	15	16	16	13	18	18	19	19	24	23	14	19	18	23	27	19	296
am0107	0	0	0	0	0	0	0	0	0	1	0	0	0	0	0	0	1	0	0	0	0	0	0	0	0	0	0	0	12	12	24	14	15	20	22	17	27	24	22	22	26	26	19	15	29	14	19	19	32	16	16	16	28	34	26	39	38	22	41	26	39	32	39	44	40	35	35	35	33	33	33	40	43	50	56	40	35	33	33	51	62	25	56	33	67	65	40	614
am0108	0	0	0	0	0	0	0	0	0	0	0	0	0	0	0	0	0	0	0	0	0	0	0	0	0	0	0	0	3	3	6	6	6	4	7	8	5	11	5	5	2	2	5	9	9	7	5	5	10	5	5	5	8	13	7	6	10	7	4	13	5	9	6	13	17	8	8	8	15	15	7	13	10	4	3	7	10	14	14	22	5	16	8	10	13	26	16	145
am0109	0	0	0	0	0	0	0	0	0	0	0	0	0	0	0	0	0	0	0	0	1	0	0	0	0	0	0	0	15	15	14	14	14	12	14	11	21	13	15	15	11	11	6	10	11	15	8	8	25	10	10	17	14	18	11	23	30	14	26	15	21	14	21	21	16	17	17	17	26	26	21	18	17	25	28	29	11	22	21	22	34	36	30	41	30	41	48	324
am0110	0	0	0	0	0	0	0	0	0	0	0	0	0	1	0	0	0	0	0	0	0	0	0	0	1	0	0	0	16	16	16	11	11	16	19	19	16	23	22	22	16	16	24	18	25	19	20	20	22	22	23	23	31	31	25	25	28	30	35	28	32	35	29	33	28	30	30	30	32	32	30	46	43	42	37	52	39	41	41	30	49	57	42	47	66	61	76	535
am0111	0	0	0	0	0	1	0	0	0	0	0	0	0	0	0	0	0	0	0	1	0	0	0	0	0	0	0	0	15	15	9	13	13	8	11	9	17	12	17	17	10	10	18	24	24	29	25	25	18	18	18	18	18	18	36	15	24	23	18	30	16	25	27	32	22	15	15	15	35	35	25	29	18	30	31	27	22	32	32	31	38	39	35	44	33	52	54	382
am0112	0	0	0	0	0	0	0	0	0	0	0	0	0	0	0	0	0	0	0	0	0	0	0	0	0	0	0	0	3	3	2	2	2	1	2	2	2	2	5	5	4	4	6	3	3	6	5	5	3	8	8	4	9	3	7	5	4	9	6	5	6	8	5	4	4	3	3	3	2	2	10	12	4	7	12	5	4	3	3	7	10	12	5	5	5	12	13	96
am0113	0	0	0	0	0	0	0	0	0	0	0	0	0	0	0	0	0	0	0	0	0	0	0	0	0	0	0	0	31	31	24	35	36	26	36	36	33	37	40	40	40	40	46	28	45	29	34	34	35	41	41	49	41	48	38	49	49	52	64	45	58	67	28	56	47	49	49	49	35	35	67	54	58	71	67	53	57	50	50	67	86	61	38	56	73	72	82	862
am0114	0	0	0	0	0	0	0	0	0	0	0	0	0	0	0	0	0	0	0	0	0	0	0	0	0	0	0	0	16	16	13	14	14	18	16	20	22	23	22	22	23	23	16	22	14	29	33	33	22	35	35	27	29	29	39	33	30	41	35	37	34	25	24	26	25	32	32	33	25	25	42	38	33	38	47	20	37	35	35	36	51	34	34	34	43	47	45	534
am0115	0	0	0	0	0	0	0	0	0	0	0	0	0	0	0	0	0	0	0	0	0	0	0	0	0	0	0	0	0	0	0	1	1	0	1	1	0	2	0	0	0	0	0	0	3	1	0	0	0	2	2	0	4	2	0	0	0	2	0	0	0	0	0	4	0	0	0	0	0	0	0	6	1	2	0	2	0	4	4	0	2	1	0	0	2	6	1	22
am0116	0	0	0	0	0	0	0	0	0	0	0	0	0	0	0	0	0	0	0	0	0	0	0	0	0	0	0	0	5	5	6	6	6	6	6	7	18	7	8	8	13	13	12	10	16	15	12	12	20	15	15	6	16	8	14	20	26	21	14	12	20	16	15	24	24	21	21	21	19	19	15	20	24	26	26	28	29	22	22	27	28	25	24	27	31	33	34	296
am0117	0	0	0	0	0	0	0	0	0	0	0	0	0	0	0	0	0	0	0	0	0	0	0	0	0	0	0	0	16	16	17	8	8	22	13	21	20	27	17	17	16	16	17	15	12	16	20	20	28	21	21	25	21	31	27	26	34	26	30	29	22	21	27	22	21	18	18	18	21	21	34	29	28	32	43	18	31	38	38	29	40	22	35	25	38	42	33	443
am0118	0	0	0	0	0	0	0	0	0	0	0	0	0	0	0	0	0	0	0	0	0	0	0	0	0	0	0	0	15	15	13	11	11	11	34	20	12	28	34	34	21	21	28	22	15	15	21	21	15	27	27	19	32	44	29	29	19	30	33	28	33	34	20	20	16	29	29	29	22	22	54	39	18	32	45	28	47	17	17	28	43	28	32	34	38	47	45	458
am0119	0	0	0	0	0	0	0	0	0	0	0	0	0	0	0	0	0	0	1	0	0	0	0	0	0	0	0	1	21	21	15	19	19	17	13	16	18	20	16	16	24	24	19	15	22	20	15	16	20	27	27	25	29	23	18	29	26	34	23	19	31	23	25	32	34	25	25	25	20	20	27	40	34	26	25	32	29	38	38	39	37	30	28	24	49	44	37	489
am0120	0	0	0	0	0	0	0	0	0	0	0	0	0	0	1	0	0	0	0	0	0	0	0	0	0	0	0	0	10	10	10	6	6	12	13	12	13	8	16	16	14	14	10	13	9	10	11	11	14	12	12	16	14	17	17	20	17	14	16	18	20	11	14	14	18	13	13	13	20	20	23	14	26	25	25	13	19	22	22	26	31	14	20	21	35	32	24	292
am0121	0	0	0	0	0	0	0	0	0	0	0	0	0	0	0	0	0	0	0	0	0	0	0	0	0	0	1	0	13	13	14	7	7	20	14	16	14	13	11	11	17	17	5	15	15	7	14	14	20	16	16	22	14	18	14	25	25	19	21	21	25	10	19	18	14	22	22	22	29	29	18	19	20	20	24	18	29	28	28	21	25	24	29	21	30	41	31	361
am0122	0	0	0	0	0	0	0	0	0	0	0	0	0	0	0	0	0	0	0	0	0	0	0	0	0	0	0	0	9	9	6	4	4	7	3	2	5	2	3	3	4	4	8	4	5	9	8	8	7	3	3	13	6	3	9	5	8	6	4	9	7	9	8	8	7	10	10	10	9	9	4	7	5	5	5	12	9	17	17	9	6	11	11	9	8	16	11	115
am0123	0	0	0	0	0	0	0	0	0	0	0	0	0	0	0	0	0	0	0	0	0	0	0	0	0	0	0	0	16	16	7	12	12	10	14	16	13	15	17	17	15	15	20	12	18	16	15	15	24	18	18	21	26	23	17	24	23	24	18	19	23	26	14	32	25	24	24	24	24	24	22	36	24	20	15	39	25	36	36	37	26	38	27	44	42	54	53	366
am0124	0	0	0	0	0	0	0	0	0	0	0	0	0	0	0	0	0	0	0	0	0	0	0	0	0	0	0	0	25	25	21	17	17	17	29	28	31	28	29	29	28	28	33	27	27	29	23	23	33	27	27	28	32	38	28	49	46	37	41	44	34	47	20	45	25	36	36	36	27	27	50	43	35	41	48	41	44	44	44	35	51	49	33	51	52	60	63	609
am0125	0	0	0	1	0	0	0	0	0	0	0	0	0	0	0	0	0	0	0	0	0	0	0	0	0	0	0	0	13	13	12	10	10	11	6	8	10	7	8	8	7	7	15	8	5	12	6	6	10	9	9	15	9	9	9	11	12	11	13	8	13	20	20	7	9	9	9	9	17	17	16	10	11	17	23	20	11	18	18	13	22	4	28	5	19	21	8	208
am0126	0	0	0	0	0	0	0	0	0	0	0	0	0	0	0	0	0	0	0	0	0	0	0	0	0	0	0	0	2	2	3	6	6	3	4	3	1	3	3	3	2	2	3	5	4	8	5	5	1	4	4	3	6	4	5	2	2	6	5	6	4	8	11	7	5	2	2	2	7	7	5	8	7	3	5	10	9	9	9	6	6	5	17	7	9	12	7	96
am0127	0	0	0	0	0	0	0	0	0	0	0	0	0	0	0	0	0	0	0	0	0	0	1	1	0	0	0	0	5	5	7	5	5	8	8	9	10	7	5	5	6	6	4	7	7	9	8	8	8	9	9	8	9	9	11	13	12	11	6	10	9	7	12	11	17	16	16	16	13	13	13	13	11	9	15	12	15	19	19	24	11	20	23	19	15	22	25	189
am0128	0	0	0	0	0	0	0	0	0	0	0	0	0	0	0	0	0	0	0	0	0	0	0	0	0	0	0	1	10	10	12	6	6	14	5	12	14	12	5	5	10	10	10	8	7	10	8	8	11	14	14	13	8	14	10	17	16	14	13	11	14	17	11	7	15	18	18	18	10	10	6	12	16	18	15	14	19	20	20	24	23	15	16	23	18	17	32	250
am0129	0	0	0	0	0	0	0	0	0	0	0	0	0	0	0	0	0	0	0	0	0	0	0	0	0	0	0	0	9	9	8	9	9	10	9	9	12	9	12	12	6	6	9	13	3	18	14	14	13	22	22	15	15	15	17	12	14	26	16	18	17	15	7	5	9	12	12	12	15	15	22	16	4	12	14	15	16	21	21	15	19	18	14	22	11	26	28	236
am0130	0	0	0	0	0	0	0	0	0	0	0	0	0	0	0	0	0	0	0	0	0	0	0	0	0	0	0	0	5	5	10	9	9	8	4	3	10	5	9	9	9	9	10	4	5	9	4	4	11	16	16	5	18	7	5	13	11	17	10	5	11	21	10	9	17	13	13	13	7	7	16	22	19	19	19	16	15	12	12	21	20	17	15	15	25	18	23	219
am0131	0	0	0	0	0	0	0	0	0	0	0	0	0	0	0	0	0	0	0	0	0	0	0	0	0	0	0	0	2	2	6	1	1	11	8	10	1	10	4	4	4	4	6	6	5	1	6	6	2	3	3	11	1	11	6	5	2	4	7	9	8	6	4	5	8	5	5	5	7	7	6	4	10	6	8	6	7	8	8	9	9	16	10	11	11	10	18	120
am0132	0	0	0	0	0	0	0	0	0	0	0	0	0	0	0	0	0	0	0	0	0	0	0	0	0	0	0	0	3	3	3	1	1	2	3	1	3	3	4	4	4	4	0	3	5	0	3	3	2	2	2	8	3	3	5	4	4	2	5	5	4	2	12	6	6	4	4	4	4	4	4	5	5	10	8	3	4	7	7	8	12	11	14	10	5	7	13	85
am0134	0	0	0	0	0	0	0	0	1	0	0	0	0	0	0	0	0	0	0	0	0	0	0	0	0	0	0	0	6	6	6	5	5	2	6	5	6	6	4	4	3	3	4	7	11	10	8	8	6	7	7	7	11	9	10	8	6	9	1	10	2	6	6	18	12	14	14	14	11	11	6	16	6	4	4	10	19	15	15	18	4	15	16	10	10	25	19	148
am0135	0	0	0	0	0	0	0	0	0	0	0	0	0	0	0	0	0	0	0	0	0	0	0	0	0	0	0	0	7	7	7	5	5	7	8	6	7	6	8	8	7	8	11	10	9	14	16	16	9	15	15	8	15	10	18	10	11	18	6	14	8	17	15	12	18	12	12	12	13	13	12	20	21	13	9	14	18	18	18	26	14	26	21	14	26	26	32	226
am0136	0	0	0	0	0	0	0	0	0	0	0	0	0	0	0	0	0	0	0	0	0	0	0	0	0	0	0	0	4	4	2	5	5	1	2	4	0	2	3	3	2	2	5	5	1	3	4	4	2	4	4	6	4	2	5	2	2	5	3	5	2	5	3	1	4	3	3	3	7	7	5	4	9	3	3	11	6	4	4	4	3	3	5	1	11	8	3	64
am0137	0	0	0	0	0	0	0	0	0	0	0	0	0	0	0	0	0	0	0	0	0	0	0	0	0	0	0	1	7	7	8	0	0	7	6	8	13	5	10	10	7	7	9	6	10	6	7	7	13	8	8	11	7	8	8	12	15	11	14	10	16	11	16	12	15	20	20	20	14	14	13	10	13	11	9	5	28	19	19	23	18	22	20	17	19	22	25	219
am0138	0	0	0	0	0	0	0	0	0	0	0	0	0	0	0	0	0	0	0	0	1	0	0	0	0	0	0	0	6	6	15	2	2	12	6	11	10	8	12	12	4	4	7	12	4	13	11	11	13	4	4	8	6	11	15	8	13	9	8	16	16	11	12	7	5	8	8	8	18	18	18	8	18	9	14	7	18	22	22	7	12	20	21	19	22	24	24	223
am0139	0	0	0	0	0	0	0	0	0	0	0	0	0	0	0	0	0	0	0	0	0	0	0	0	0	0	0	0	3	3	6	3	3	8	5	6	12	4	6	6	11	11	12	8	7	10	10	10	7	8	8	7	10	6	12	15	13	10	15	9	13	14	10	8	6	6	6	6	6	6	12	12	14	20	16	5	7	8	8	11	21	12	15	12	16	14	14	179
am0140	0	0	0	0	0	0	0	0	0	0	0	0	0	0	0	0	0	0	0	0	0	0	0	0	0	0	0	0	2	2	0	2	2	1	2	2	0	4	1	1	2	2	2	4	2	6	5	5	0	3	3	3	4	5	6	2	0	4	3	4	3	3	0	3	16	4	4	4	0	0	1	6	2	8	7	3	5	4	4	20	8	16	2	9	4	3	21	66
am0141	0	0	0	0	0	0	0	0	0	0	0	0	0	0	0	0	0	0	0	0	0	0	0	0	0	0	0	0	5	5	3	2	2	4	1	2	0	1	1	1	1	1	8	2	6	1	3	3	0	4	4	8	5	2	3	1	0	5	2	6	2	8	2	6	9	5	5	5	1	1	1	8	2	4	6	9	10	1	1	10	5	9	3	7	7	5	12	69
am0142	0	0	0	0	0	0	0	0	0	0	0	0	0	0	0	0	0	0	0	0	0	0	0	0	0	0	0	0	1	1	0	0	0	1	5	6	1	7	3	3	5	5	2	2	3	1	3	3	1	4	4	2	8	8	3	6	1	4	2	3	5	6	5	5	0	8	8	8	2	2	5	9	5	5	6	0	7	1	1	3	5	8	13	8	5	7	8	78
am0143	0	0	0	0	0	0	0	0	0	0	0	0	0	0	0	0	0	0	0	0	0	0	0	0	0	1	1	0	8	8	4	3	3	8	2	3	2	2	3	3	10	10	4	5	2	6	1	1	3	5	5	11	3	2	2	10	5	7	5	6	9	7	5	2	6	8	8	8	11	11	5	5	7	9	11	5	11	10	10	8	10	2	11	6	11	14	8	117
am0146	0	0	0	0	0	0	0	1	0	0	0	0	0	0	0	0	0	0	0	0	0	0	0	0	0	0	0	0	7	7	13	12	12	12	8	9	5	6	7	7	14	14	9	19	8	9	15	15	5	5	5	9	6	8	15	16	5	7	17	21	21	14	13	12	20	24	24	24	19	19	14	8	7	18	16	29	24	17	17	29	23	11	26	14	17	25	18	268
am0147	0	0	0	0	0	0	0	0	0	0	0	0	0	0	0	0	0	0	0	0	0	0	0	0	0	0	0	0	2	2	5	4	4	4	4	3	9	1	5	5	5	5	8	4	5	1	4	4	10	4	4	4	5	4	4	7	12	4	9	6	8	11	8	7	5	7	7	7	11	11	6	8	6	10	7	7	12	11	11	7	10	8	12	10	9	18	14	110
am0148	0	0	0	0	0	0	0	0	0	0	0	0	0	0	0	0	0	0	0	0	0	0	0	0	0	0	0	0	7	7	6	7	6	10	7	8	9	6	8	8	10	10	9	2	6	4	5	5	8	6	6	10	8	10	7	11	12	6	8	3	12	15	13	8	13	20	20	21	13	13	12	9	6	9	13	9	21	17	17	18	11	14	17	13	8	17	20	168
am0149	0	0	0	0	0	0	0	0	0	0	0	0	0	0	0	0	0	0	0	0	0	0	0	0	0	0	0	0	15	15	9	6	6	12	9	9	7	11	9	9	14	14	10	6	10	25	10	10	12	14	14	23	10	14	11	19	12	21	14	7	23	16	13	11	20	15	15	15	15	15	14	15	14	11	10	16	21	16	16	26	16	24	18	29	21	28	37	285
am0150	0	0	0	0	0	0	0	0	0	0	0	0	0	0	0	0	0	0	0	0	0	0	0	0	0	0	0	0	2	2	0	1	1	0	0	4	1	1	0	0	1	1	1	2	2	1	1	1	1	2	2	2	4	1	2	1	2	2	3	3	3	1	4	4	3	6	6	6	4	4	0	5	3	0	0	3	3	5	5	5	3	1	5	0	3	8	1	42
am0151	0	0	0	0	0	0	1	0	0	0	0	0	0	0	0	0	0	0	0	0	0	0	0	0	0	0	0	0	6	6	4	6	6	6	4	7	6	8	5	5	7	7	5	13	5	6	9	9	5	8	8	10	9	9	11	8	8	11	9	16	9	7	5	8	16	11	11	11	11	11	8	11	11	8	7	12	14	12	12	21	12	19	12	17	18	19	24	169
am0152	0	0	0	0	0	0	0	0	0	0	0	0	0	0	0	0	0	0	0	0	0	0	0	0	0	0	0	0	8	8	12	5	5	11	3	8	11	12	5	5	12	12	6	7	5	11	11	11	12	9	9	9	7	13	15	19	14	11	11	12	14	7	12	7	10	11	11	11	11	11	10	10	17	18	15	17	10	23	23	13	20	27	15	17	20	19	32	224
am0153	0	0	0	0	0	0	0	0	0	0	0	0	0	0	0	0	0	0	0	0	0	0	0	0	0	0	0	0	0	0	1	0	0	1	1	1	1	1	0	0	2	2	1	0	0	0	1	1	1	0	0	0	0	1	1	3	1	0	0	1	1	1	1	0	2	1	1	1	1	1	0	0	2	1	0	0	0	3	3	3	1	2	1	2	2	1	3	18
am0155	0	0	0	0	0	0	0	0	0	0	0	0	0	0	0	0	0	0	0	0	0	0	0	0	0	0	0	0	0	0	0	1	1	0	2	1	2	2	2	2	0	0	4	0	2	1	0	0	3	3	3	0	4	2	0	0	3	3	4	0	3	4	4	2	7	2	2	2	1	1	4	4	1	2	3	1	3	3	3	8	4	5	5	3	1	3	5	42
am0156	0	0	0	0	0	0	0	0	0	0	0	0	0	0	0	0	0	0	0	0	0	0	0	0	0	0	0	0	5	5	9	10	10	9	7	11	7	12	7	7	9	9	11	15	9	8	15	15	3	8	8	12	9	15	16	9	9	9	9	18	12	14	19	14	8	10	10	10	17	17	10	18	18	17	15	13	18	13	13	13	21	10	29	9	27	31	12	240
am0157	0	0	0	0	0	0	0	0	0	0	0	0	0	0	0	0	0	0	0	0	0	0	0	0	0	0	0	0	9	9	17	5	5	14	8	14	12	10	10	10	18	18	9	16	10	12	13	13	10	14	14	14	18	14	16	19	15	17	18	25	20	12	16	18	19	13	13	13	10	10	11	21	7	19	13	13	23	18	18	20	23	31	20	31	16	25	43	307
am0158	0	0	0	0	0	0	0	0	0	0	0	0	0	0	0	0	0	0	0	0	0	0	0	0	0	0	0	0	3	3	1	1	1	1	2	0	2	2	2	2	1	1	1	5	3	2	3	3	8	3	3	4	4	2	3	3	9	3	4	6	4	1	4	4	4	2	2	2	6	6	4	5	3	2	2	0	4	3	3	5	5	6	4	6	3	10	8	55
am0159	0	0	0	0	0	0	0	0	0	0	0	0	0	0	0	0	0	0	0	0	0	0	0	0	0	0	0	0	7	7	7	12	12	11	4	10	18	14	5	5	10	10	12	11	15	11	14	14	17	10	10	11	12	12	19	16	24	12	17	16	16	14	15	21	25	24	24	24	24	24	11	19	28	19	20	25	40	28	28	32	24	46	27	43	33	41	64	306
am0160	0	0	0	0	0	0	0	0	0	0	0	0	0	0	0	0	0	0	0	0	0	0	0	0	0	0	0	0	5	5	2	4	4	3	1	2	1	2	3	3	2	2	3	1	1	5	0	0	1	3	3	6	2	2	2	2	2	4	3	1	1	4	5	1	4	6	6	6	3	3	4	3	11	3	6	6	10	7	7	6	3	6	6	5	14	5	7	65
am0161	0	0	0	0	0	0	0	0	0	0	0	0	0	0	0	0	0	0	0	0	0	0	0	0	0	0	0	0	2	2	0	2	2	0	1	1	4	0	2	2	2	2	4	4	3	3	6	6	3	2	2	2	3	1	7	2	5	2	3	5	2	6	2	5	3	4	4	4	5	5	2	3	6	4	4	4	6	7	7	4	5	4	5	6	8	8	7	52
am0162	0	0	0	0	0	0	0	0	0	0	0	0	0	0	0	0	0	0	0	0	0	1	0	0	0	0	0	0	9	9	10	10	10	12	8	6	10	7	13	13	23	23	14	13	20	18	12	12	11	22	22	16	29	12	17	26	17	26	20	18	28	20	20	33	24	18	18	18	20	20	19	35	35	26	19	25	23	32	32	30	31	41	35	58	53	43	68	403
am0163	0	0	0	0	0	0	0	0	0	0	0	0	0	0	0	0	0	0	0	0	0	0	0	0	0	0	0	0	1	1	2	1	1	5	3	0	0	3	3	3	0	0	0	1	2	0	0	0	0	0	0	4	1	4	0	0	0	0	1	5	0	0	1	3	3	5	5	5	1	1	5	2	3	2	4	4	4	2	2	3	2	6	1	5	3	3	9	33
am0164	0	0	0	0	0	0	0	0	0	0	0	0	0	0	0	0	0	0	0	0	0	0	0	0	1	0	0	0	10	10	10	8	8	10	13	20	16	13	14	14	14	14	21	10	8	7	14	14	19	9	9	18	11	23	16	23	21	12	17	17	16	27	24	12	14	27	27	27	25	25	15	13	23	21	11	17	31	19	19	24	25	29	35	36	31	33	44	295
am0165	0	0	0	0	0	0	0	0	0	0	0	0	0	0	0	0	0	0	0	0	0	0	0	0	0	0	0	0	2	2	3	6	6	0	1	1	4	2	0	0	4	4	6	3	10	7	3	3	5	6	6	3	10	2	7	7	5	7	6	3	5	12	13	13	2	3	3	3	9	9	4	15	7	6	7	5	9	2	2	7	8	4	16	3	7	21	4	110
am0166	0	0	0	0	0	0	0	0	0	0	0	0	0	0	0	0	0	0	0	0	0	0	0	0	0	0	0	0	3	3	4	4	4	4	0	5	3	4	2	2	2	2	3	4	2	3	5	5	0	3	3	4	5	4	5	2	3	6	10	9	4	6	6	4	5	6	6	6	0	0	2	7	14	11	10	15	5	9	9	7	14	12	6	13	17	5	16	101
am0167	0	0	0	0	0	0	0	0	0	0	0	0	0	0	0	0	0	0	0	0	0	0	0	0	0	0	0	0	2	2	2	2	2	2	4	3	0	3	3	3	2	2	1	3	3	3	4	4	1	3	3	3	3	5	6	2	1	3	2	3	3	1	2	3	1	6	6	6	1	1	3	6	7	3	1	9	5	3	3	1	3	14	2	10	10	5	14	56
am0168	0	0	0	0	0	0	0	0	0	0	0	0	0	0	0	0	0	0	0	0	0	0	0	0	0	0	0	0	13	13	6	16	16	7	9	12	7	13	15	15	8	8	10	15	19	13	23	23	13	14	14	17	14	15	28	10	14	17	19	19	17	15	21	21	13	11	11	11	20	20	26	19	20	26	36	28	22	32	32	17	33	41	29	40	30	32	54	299
am0169	0	0	0	0	0	0	0	0	0	0	0	0	0	0	0	0	0	0	0	0	0	0	0	0	0	0	0	0	3	3	7	4	4	7	7	4	9	7	7	7	7	7	10	6	7	7	13	13	7	10	10	5	9	9	14	8	11	10	8	10	7	13	7	10	6	3	3	3	5	5	11	10	9	8	12	9	7	15	15	9	12	13	12	8	14	10	14	152
am0171	0	0	0	0	0	0	0	0	0	0	0	0	0	0	0	0	0	0	0	0	0	0	0	0	0	0	0	0	3	3	2	2	2	2	4	8	5	6	4	4	3	3	3	9	3	8	13	13	4	11	11	3	7	8	14	6	6	15	2	14	1	3	12	3	9	10	10	10	9	9	5	9	10	3	6	9	10	22	22	12	3	8	16	6	13	14	11	125
am0172	0	0	0	0	0	0	0	0	0	0	0	0	0	0	0	0	0	0	0	0	0	0	0	0	0	0	0	0	3	3	2	8	8	5	9	6	9	7	9	9	6	6	13	8	6	5	8	8	10	3	3	8	6	12	9	7	12	5	12	11	9	19	4	7	19	26	26	26	3	3	12	8	18	22	19	10	10	12	12	33	25	9	4	10	21	10	13	157
am0173	0	0	0	0	0	0	0	0	0	0	0	0	0	0	0	0	0	0	0	0	0	0	0	0	0	0	0	0	4	4	6	5	7	8	2	7	6	3	3	3	11	11	6	3	3	3	1	1	7	3	3	8	4	4	3	13	9	6	7	3	10	9	4	4	9	4	4	4	8	8	5	5	14	10	7	17	11	13	13	13	12	14	6	20	25	12	25	136
am0174	0	0	0	0	0	0	0	0	0	0	0	0	0	0	0	0	0	0	0	0	0	0	0	0	0	0	0	0	0	0	0	0	0	0	0	0	1	0	2	2	0	0	2	1	0	2	1	1	2	0	0	0	0	0	1	0	2	1	2	1	2	3	1	0	2	0	0	0	1	1	2	0	3	0	0	4	4	2	2	2	2	2	1	1	5	1	3	16
am0175	0	0	0	0	0	0	0	0	0	0	0	0	0	0	0	0	0	0	0	0	0	0	0	0	0	0	0	0	4	4	4	0	0	4	4	2	5	5	5	5	4	4	3	3	12	6	2	2	9	7	7	5	9	7	4	7	10	9	8	4	8	6	8	15	7	7	7	7	7	7	6	14	11	12	8	5	8	6	6	11	14	15	10	24	16	17	25	139
am0176	0	0	0	0	0	0	0	0	0	0	0	0	0	0	0	0	0	0	0	0	0	0	0	0	0	0	0	0	6	6	8	7	8	7	3	3	7	2	9	9	3	3	9	10	8	14	7	7	10	17	17	9	10	5	12	5	10	18	6	10	5	13	10	10	10	11	11	11	14	14	16	13	16	6	14	12	11	10	10	17	8	13	15	13	22	23	17	172
am0177	0	0	0	0	0	0	0	0	0	0	0	0	0	0	0	0	0	0	0	0	0	0	0	0	0	0	0	0	10	10	11	7	7	11	8	6	9	9	9	9	5	5	15	14	14	19	15	15	12	12	12	18	8	12	18	10	13	18	14	18	12	18	18	15	11	13	13	13	12	12	11	11	12	16	18	15	18	25	25	15	20	21	25	13	17	19	22	251
am0178	0	0	0	0	0	0	0	0	0	0	0	0	0	0	0	0	0	0	0	0	0	0	0	0	0	1	0	0	8	8	8	6	6	8	8	12	10	12	10	10	9	8	5	14	14	19	20	20	13	22	22	11	11	15	23	15	16	27	22	22	20	11	13	15	7	13	13	13	11	11	16	14	14	24	20	15	12	13	13	12	27	17	15	22	21	18	26	281
am0179	0	0	0	0	0	0	0	0	0	0	0	0	0	0	0	0	0	0	0	0	0	0	0	0	0	0	0	0	10	10	6	10	10	9	4	5	6	4	4	4	5	5	11	9	8	10	10	10	7	15	15	11	14	4	12	10	9	17	7	11	14	11	14	11	12	12	12	12	12	12	8	20	19	12	10	24	17	26	26	19	12	21	18	24	28	23	30	203
am0180	0	0	0	0	0	0	0	0	0	0	1	0	0	0	0	0	0	0	0	0	0	0	0	0	0	0	0	0	3	3	7	11	12	8	6	9	13	11	7	7	8	8	13	11	9	11	14	14	16	12	12	4	12	15	19	15	18	17	11	13	14	18	7	13	8	15	15	15	15	15	12	15	20	7	10	18	24	9	9	10	13	15	12	13	27	24	20	225
am0181	0	0	0	0	0	0	0	0	0	0	0	0	0	0	0	0	0	0	0	0	0	0	0	0	0	0	0	0	12	12	13	11	12	10	13	12	22	16	18	18	21	21	17	22	16	11	20	20	17	11	11	19	11	19	27	30	27	14	28	30	27	24	19	18	15	11	11	11	14	14	28	14	24	32	33	22	13	24	24	22	36	21	27	26	32	23	34	369
am0182	0	0	0	0	0	0	0	0	0	0	0	0	0	0	0	0	0	0	0	0	0	0	0	0	0	0	0	0	12	12	7	7	7	6	12	8	13	14	14	14	9	9	19	12	18	21	20	20	9	18	18	15	16	17	27	15	14	22	12	20	11	24	29	21	20	22	22	22	22	22	20	25	30	18	20	15	31	19	19	26	20	25	38	26	35	38	33	336
am0183	0	0	0	0	0	0	0	0	0	0	0	0	0	0	0	0	0	0	0	0	0	0	0	0	1	0	0	0	12	12	9	14	14	13	22	13	17	20	14	14	16	16	22	14	16	16	20	20	16	18	18	24	17	30	25	23	24	19	29	21	27	33	27	22	23	24	24	24	32	32	21	23	26	27	21	20	28	28	28	34	39	30	41	28	32	49	39	406
am0184	0	0	0	0	0	0	0	0	0	0	0	0	0	0	0	0	0	0	0	0	0	0	0	0	0	0	0	0	16	16	17	11	11	18	17	24	17	15	15	15	24	24	26	19	29	26	29	29	26	19	19	26	14	22	31	30	32	25	19	29	26	32	27	35	29	21	21	21	29	29	28	29	23	26	29	19	33	26	26	36	33	42	36	42	34	50	59	457
am0185	0	0	0	0	0	0	0	0	0	0	0	1	0	0	0	0	0	0	0	0	0	0	0	0	0	0	0	0	17	17	18	15	15	12	29	20	26	27	29	28	24	25	22	21	24	24	20	20	31	27	27	24	33	39	24	38	41	36	31	27	27	34	30	33	39	29	29	29	29	29	42	42	27	46	52	33	46	39	39	50	54	31	45	37	41	57	47	543
am0186	0	0	0	0	0	0	0	0	0	0	0	0	0	0	0	0	0	0	0	0	0	0	0	0	0	0	0	0	27	27	23	15	15	25	17	20	22	21	24	24	26	26	29	22	30	32	23	23	21	43	43	42	39	26	31	37	30	52	39	30	40	38	34	42	24	20	20	20	31	31	35	52	43	41	47	32	49	40	40	31	54	40	45	45	55	63	60	654
am0187	0	0	0	0	0	0	0	0	0	0	0	0	0	0	0	0	0	0	0	0	0	0	0	0	0	0	0	0	10	10	7	9	9	14	4	11	9	8	7	7	15	15	7	17	10	16	15	15	12	16	16	17	16	8	18	19	16	21	17	20	22	12	14	20	11	15	15	15	16	16	14	20	16	20	22	12	20	27	27	16	30	23	17	29	19	33	34	297
am0188	0	0	0	0	0	0	0	0	0	0	0	0	0	0	0	0	0	0	0	0	0	0	0	0	0	0	0	0	6	6	10	3	3	6	10	6	13	8	14	14	10	10	12	8	23	13	12	12	8	10	10	10	11	15	18	15	15	14	17	11	12	14	15	29	9	13	13	13	12	12	15	14	24	22	17	10	19	7	7	15	28	15	20	15	29	23	20	273
am0189	0	0	0	0	0	0	0	0	0	0	0	0	0	0	0	0	0	0	0	0	0	0	0	0	0	0	1	0	10	10	11	11	11	12	12	13	14	14	14	14	10	10	10	11	8	25	15	15	16	15	15	19	14	19	21	19	17	25	7	16	10	10	12	12	3	15	15	15	10	10	19	19	11	11	15	10	22	21	21	6	13	18	15	21	14	25	27	266
am0190	0	0	0	0	0	0	0	0	0	0	0	0	0	0	0	0	0	0	0	0	0	0	0	0	0	1	0	0	9	9	9	8	8	5	9	13	9	13	10	10	12	12	10	12	13	13	11	11	10	6	6	10	10	17	14	18	13	10	10	17	10	15	12	18	8	13	13	13	12	12	16	16	17	15	20	11	9	16	16	10	16	16	16	18	22	24	23	233
am0192	0	0	0	0	0	0	0	0	0	0	0	0	0	0	0	0	0	0	0	0	0	0	0	0	0	0	0	0	4	4	8	2	2	3	9	14	8	13	10	10	3	3	6	10	6	7	11	11	6	9	9	5	9	17	12	5	9	9	8	14	9	8	8	8	6	6	6	6	7	7	11	11	7	5	6	4	14	13	13	8	9	12	10	19	12	14	23	166
am0194	0	0	0	0	0	0	0	0	0	0	0	0	0	0	0	0	0	0	0	0	0	0	0	0	0	0	0	0	4	4	8	5	5	8	9	6	10	8	12	12	7	7	8	3	3	9	7	7	10	7	7	7	6	10	8	11	12	8	17	5	19	11	6	5	9	12	12	12	8	8	14	7	6	15	13	13	10	15	15	14	23	12	10	10	13	13	12	185
am0195	0	0	0	0	0	0	0	0	0	0	0	0	0	0	0	0	0	0	0	0	0	0	0	0	0	0	0	0	8	8	12	7	7	7	7	9	12	9	9	9	8	8	14	13	12	13	15	15	9	14	14	10	15	11	21	11	14	15	13	17	13	16	15	19	11	7	7	7	12	12	17	21	20	14	20	17	17	11	11	12	19	12	22	10	29	26	16	253
am0196	0	0	0	0	0	0	0	0	0	0	0	0	0	0	0	0	0	0	0	0	0	0	0	0	0	0	0	0	1	1	6	2	2	3	6	3	5	6	9	9	5	5	3	9	10	10	6	6	6	5	5	2	6	8	8	6	8	9	10	10	10	6	15	11	5	13	13	13	6	6	13	9	2	9	9	7	15	12	12	9	12	17	16	15	5	13	22	152
am0197	0	0	0	0	0	0	0	0	0	0	0	0	0	0	0	0	0	0	0	0	0	0	0	0	0	0	0	0	3	3	2	6	6	1	9	9	10	7	6	6	11	11	2	8	9	11	7	7	12	6	6	3	10	9	13	16	15	11	13	11	14	2	7	13	4	8	8	8	14	14	8	11	9	13	6	7	8	9	9	8	16	19	11	17	10	23	26	178
am0198	0	0	0	0	0	0	0	0	0	0	0	0	0	0	0	0	0	0	0	0	0	0	0	0	0	0	0	0	4	4	7	9	9	10	6	8	6	6	7	7	3	3	10	7	6	4	8	8	6	4	4	8	6	8	8	4	9	6	9	11	6	16	15	9	2	6	6	6	11	11	12	10	14	11	10	14	5	5	5	7	12	15	20	16	15	20	23	135
am0199	0	0	0	0	0	0	0	0	0	0	0	0	0	0	0	0	0	0	0	0	0	0	0	0	0	0	0	0	7	7	14	5	5	13	9	9	9	14	8	8	3	3	13	13	14	9	13	13	11	12	12	11	10	17	16	7	13	12	14	19	7	21	18	17	8	16	16	16	17	17	13	14	11	16	16	9	15	21	21	14	18	16	25	22	15	27	25	248
am0200	0	0	0	0	0	0	0	0	0	0	0	0	0	0	0	0	0	0	0	0	0	0	0	0	0	0	0	0	7	7	4	4	4	3	16	10	7	13	12	12	12	12	10	10	12	8	12	12	9	12	12	8	10	20	14	14	13	14	15	13	13	16	11	14	19	18	18	18	20	20	17	16	12	16	8	12	15	11	11	24	17	12	21	10	17	32	15	238
am0201	0	0	0	0	0	0	0	0	0	0	0	0	0	0	0	0	0	0	0	0	0	0	0	0	0	0	0	0	9	9	13	11	11	13	13	14	9	15	7	7	14	14	18	11	15	11	12	12	13	11	11	14	12	18	14	19	16	15	14	16	25	22	17	19	11	13	13	13	21	21	17	17	13	15	14	11	21	17	17	13	20	12	27	22	19	34	24	303
am0202	0	0	0	0	0	0	0	0	0	0	0	0	0	0	0	0	0	0	0	0	0	0	0	0	0	0	0	0	4	4	12	3	3	12	13	12	8	12	10	11	12	12	7	11	11	12	15	15	8	16	16	9	18	16	18	18	10	18	14	16	18	12	19	16	13	11	11	11	7	7	17	20	17	15	22	18	14	14	14	15	20	23	20	23	29	18	28	276
am0203	0	0	0	0	0	0	0	0	0	0	0	0	0	0	0	0	0	0	0	0	0	0	0	0	0	0	0	0	10	10	11	5	5	11	15	11	16	16	21	21	18	18	6	14	15	16	13	13	17	11	11	13	19	18	18	26	28	17	18	17	21	11	14	22	13	9	9	9	22	22	31	25	20	18	20	11	26	13	13	19	24	20	21	19	28	41	30	327
am0204	0	0	0	0	0	0	0	0	0	0	0	0	0	0	0	0	0	0	0	0	0	0	0	0	0	0	0	0	9	9	11	12	13	8	14	12	14	15	12	12	11	11	13	9	6	15	9	9	16	13	13	15	14	19	18	17	20	18	15	15	16	21	18	9	14	16	16	16	18	18	19	17	15	17	17	22	23	12	12	20	19	10	27	17	23	30	18	276
am0205	0	0	0	0	0	0	0	0	0	0	0	0	0	0	0	0	0	0	0	0	0	0	0	0	0	0	0	0	20	20	20	14	14	17	22	25	21	21	25	25	15	15	14	18	14	20	21	21	23	18	18	23	22	29	25	25	27	24	23	24	29	24	28	23	17	15	15	15	19	19	36	25	20	26	24	28	26	18	18	20	30	21	34	20	34	38	29	428
am0206	0	0	0	0	1	0	0	0	0	0	0	0	0	0	0	0	0	0	0	0	0	0	0	0	0	0	0	0	44	44	39	33	33	41	37	37	47	40	49	49	48	48	40	60	35	76	57	57	49	55	55	61	64	50	77	69	62	71	47	82	68	55	52	63	51	51	51	51	46	46	72	78	47	63	65	45	72	82	82	73	74	83	71	81	62	101	105	1058
am0207	0	0	0	0	0	0	0	0	0	0	0	0	0	0	0	0	0	0	0	0	0	0	0	0	0	0	0	0	27	27	25	12	12	28	16	19	27	19	11	11	20	20	27	16	14	22	14	14	32	21	21	41	20	24	19	29	38	26	32	21	26	36	32	23	23	35	35	35	47	47	25	26	36	32	33	32	32	49	49	35	44	46	53	43	49	66	57	497
am0208	0	0	0	0	0	0	0	0	0	0	0	0	0	0	0	0	0	0	0	0	0	0	0	0	0	0	0	0	3	3	7	10	10	10	4	4	7	7	7	7	10	10	12	16	9	9	10	10	12	13	13	6	14	10	12	11	14	17	18	22	14	18	11	11	14	14	14	14	20	20	15	16	14	18	20	14	24	18	18	17	24	15	21	18	16	31	23	242
am0209	0	0	0	0	0	0	0	0	0	0	0	0	0	0	0	0	0	0	0	0	0	0	0	0	0	0	0	1	5	5	14	7	7	11	15	13	13	16	10	10	17	17	11	6	11	11	7	7	13	10	10	10	9	18	9	23	17	13	19	10	24	18	24	18	11	15	15	15	17	17	15	13	9	26	28	15	18	29	29	18	30	23	30	28	18	28	33	308
am0210	0	0	0	0	0	0	0	0	0	0	0	0	0	0	0	0	0	0	0	0	0	0	1	1	0	0	0	0	13	13	20	9	9	18	19	16	24	19	22	22	24	24	16	23	31	22	27	27	23	19	19	20	20	29	31	30	33	24	32	36	39	20	19	41	32	26	26	26	32	32	31	37	35	31	29	31	39	42	42	40	40	37	34	36	48	61	50	561
am0211	0	0	1	0	0	0	0	0	0	0	0	0	0	0	0	1	0	0	0	0	0	0	0	0	0	0	0	0	12	12	10	12	12	11	16	8	20	11	11	11	15	15	18	8	16	11	14	14	19	16	17	13	17	20	16	26	26	20	21	14	26	24	17	21	19	19	19	19	16	16	18	23	14	28	28	19	28	23	23	22	35	24	22	26	23	29	34	328
am0212	0	0	0	0	0	0	0	0	0	0	0	0	0	0	0	0	0	0	0	0	0	0	0	0	0	0	0	0	8	8	14	8	10	16	15	12	7	12	15	15	5	5	10	17	13	9	9	9	8	14	14	18	18	17	15	9	11	16	10	22	10	15	8	18	8	10	10	10	16	16	20	22	11	11	12	21	17	24	24	14	15	14	13	21	24	28	24	254
am0213	0	0	0	0	0	0	0	0	0	0	0	0	0	0	0	0	0	0	0	0	0	0	0	0	0	0	0	0	5	5	4	0	0	4	5	2	1	1	7	7	5	5	6	6	7	7	2	2	1	7	7	6	3	5	5	5	2	9	0	8	5	10	7	7	4	7	7	7	4	4	9	4	9	2	5	5	5	8	8	5	2	20	10	20	13	7	22	102
am0214	0	0	0	0	0	0	0	0	0	0	0	0	0	0	0	0	0	0	0	0	0	0	0	0	0	0	0	0	8	8	6	3	3	9	10	14	11	11	9	9	4	4	12	14	13	15	14	14	4	14	14	15	9	13	15	11	11	22	11	21	14	17	21	15	13	8	8	8	13	13	12	11	12	10	7	2	18	15	15	18	16	13	30	21	13	21	24	256
am0215	0	0	0	0	0	0	0	0	0	0	0	0	0	0	0	0	0	0	0	0	0	0	0	0	0	0	0	0	10	10	6	3	3	5	8	9	11	8	9	9	7	7	13	11	9	10	11	11	14	8	8	13	8	11	17	12	16	10	13	13	21	16	15	13	13	16	16	16	13	13	13	10	16	13	11	14	19	15	15	17	16	10	19	12	22	20	15	233
am0216	0	0	0	0	0	0	0	0	0	0	0	0	0	0	0	0	0	0	0	0	0	0	0	0	0	0	0	0	12	12	15	15	15	11	11	11	13	11	17	17	17	17	12	14	26	23	14	14	19	24	24	15	19	14	16	23	24	30	21	19	30	20	22	29	16	31	31	31	26	26	21	30	20	22	20	22	29	30	30	21	32	23	28	23	28	45	32	421
am0217	0	0	0	0	0	0	0	0	0	0	0	0	0	0	0	0	0	0	0	0	0	0	0	0	0	0	0	0	11	11	8	7	7	7	6	9	5	8	8	8	7	7	7	9	11	6	8	8	9	11	11	12	11	12	12	9	10	12	12	12	14	12	9	17	11	13	13	13	13	13	10	16	17	11	9	17	14	17	17	16	16	19	13	20	28	25	26	215
am0218	0	0	0	0	0	0	0	0	0	0	0	0	0	0	0	0	0	0	0	0	0	0	0	0	0	0	0	0	21	21	14	14	15	16	20	15	25	19	19	19	21	21	22	31	20	22	27	27	27	25	25	27	33	26	34	34	33	28	29	40	29	33	23	32	17	22	22	22	23	23	30	42	39	33	39	38	27	35	35	25	42	49	37	52	57	52	69	494
am0219	0	0	0	0	0	0	0	0	0	0	0	0	0	0	0	0	0	0	0	0	0	0	0	0	0	0	0	0	16	16	14	18	19	19	18	17	16	21	14	14	20	20	21	16	21	22	19	19	19	14	14	25	17	29	20	24	22	18	23	19	25	22	28	28	31	31	31	31	17	17	22	26	25	28	33	28	37	48	48	48	34	32	34	33	36	37	44	410
am0220	0	0	0	0	0	0	0	0	0	0	0	0	0	0	0	0	0	0	0	0	0	0	0	0	0	0	0	0	7	7	5	3	3	5	5	4	4	6	7	7	5	5	7	11	10	11	7	7	4	15	15	8	12	7	12	9	6	16	4	15	6	14	11	11	5	8	8	8	10	10	9	15	10	8	10	7	14	8	8	6	9	21	15	18	15	19	27	163
am0221	0	0	0	0	0	0	0	0	0	0	0	0	0	0	0	0	0	0	1	0	0	0	0	0	0	0	0	0	5	5	10	7	7	7	15	19	9	19	11	11	11	11	8	8	6	11	13	13	7	9	9	8	9	25	15	14	11	10	12	12	17	11	6	6	12	13	13	13	9	9	15	9	17	15	13	13	21	12	12	13	16	8	10	9	24	9	13	248
am0222	0	0	0	0	0	0	0	0	0	0	0	0	1	0	0	0	0	0	0	0	0	0	0	0	0	0	0	0	3	3	6	5	5	4	6	6	4	8	4	4	3	3	4	4	4	2	3	3	5	6	6	5	6	9	4	5	5	6	5	4	5	6	8	6	11	14	14	14	3	3	7	8	8	7	5	5	15	10	10	14	8	10	9	8	10	8	14	122
am0223	0	0	0	0	0	0	0	0	0	0	0	0	0	0	0	0	0	0	0	0	0	0	0	0	0	0	0	0	12	12	7	12	12	10	11	5	9	6	13	13	16	16	12	10	13	14	9	9	9	13	13	17	15	12	12	21	11	17	17	13	26	18	15	18	7	17	17	17	13	13	16	19	16	16	12	22	17	26	26	16	25	16	20	22	25	24	29	268
am0224	0	0	0	0	0	0	0	0	0	0	0	0	0	0	0	0	0	0	0	0	0	0	0	0	0	0	0	0	4	4	12	8	8	8	15	13	15	15	15	15	9	9	17	14	1	11	11	11	12	10	10	8	6	20	13	16	19	13	16	17	10	19	18	1	7	13	13	13	19	19	20	7	9	10	15	11	11	11	11	12	17	20	26	20	15	24	27	220
am0225	0	0	0	0	0	0	0	0	0	0	0	0	0	0	0	0	0	0	0	0	0	0	0	0	0	0	0	0	8	8	9	7	7	7	7	8	7	7	2	2	8	8	8	7	9	7	7	7	5	8	8	12	10	8	10	11	9	9	11	9	10	8	7	11	4	5	5	5	4	4	7	10	9	5	10	10	10	9	9	6	11	7	10	7	15	9	9	173
am0226	0	0	0	0	0	0	0	0	0	0	0	0	0	0	0	0	0	0	0	0	0	1	0	0	0	0	0	0	9	9	5	8	8	6	8	10	4	9	5	5	6	6	12	11	6	9	8	8	5	6	6	11	5	12	10	7	7	10	12	14	10	16	11	6	7	8	8	8	5	5	8	6	8	14	18	9	12	20	20	8	15	21	12	23	11	8	28	164
am0227	0	0	0	0	0	0	0	0	0	0	0	0	0	0	0	0	0	0	0	0	0	0	0	0	0	0	0	0	2	2	3	5	5	2	3	4	6	1	4	4	3	3	6	8	4	9	8	8	7	3	3	4	5	3	11	6	7	5	10	10	7	9	7	6	4	3	3	3	6	6	5	5	5	8	7	7	7	13	13	5	12	9	9	11	6	10	13	101
am0228	0	0	0	0	0	0	0	0	0	0	0	0	0	0	0	0	0	0	0	0	0	0	0	0	0	0	0	0	2	2	3	8	8	3	5	5	2	5	7	7	6	6	9	4	3	8	3	3	6	7	7	4	10	6	6	7	6	9	8	5	10	9	7	9	8	14	14	14	4	4	10	11	9	8	9	11	9	6	6	15	11	7	8	6	16	13	9	134
am0229	0	0	0	0	0	0	0	0	0	0	0	0	0	0	1	0	0	0	0	0	0	0	0	0	0	0	0	0	9	9	13	8	8	11	10	10	15	11	11	11	11	11	8	15	16	20	21	21	18	7	7	16	13	15	25	19	22	11	19	21	23	13	15	22	19	24	24	24	19	19	17	16	11	17	15	17	32	20	20	26	26	18	24	21	19	28	26	316
am0230	0	0	0	0	0	0	0	0	0	0	0	0	0	0	0	0	0	0	0	0	0	0	0	0	0	0	0	0	11	12	17	16	16	21	17	18	23	20	26	26	21	21	28	19	24	27	17	17	21	22	22	22	28	28	23	30	29	30	26	24	29	40	29	31	24	24	24	24	34	34	34	32	24	26	29	28	43	53	53	31	35	42	44	49	33	54	63	492
am0231	0	0	0	0	0	0	0	0	0	0	0	0	0	0	0	0	0	0	0	0	0	0	0	0	0	0	0	0	4	4	6	8	8	12	6	17	11	15	9	9	15	15	13	14	14	20	23	23	12	27	27	9	26	17	30	19	14	30	16	23	20	23	18	25	12	21	21	21	14	14	14	32	25	22	19	25	23	21	21	16	26	19	23	25	37	34	31	353
