	pvalue	qvalue	Weighted time diff	firstpresence	neworder	SP_y
0	0.0029784708358063993	0.0	93.7016317016317	212	0	SP4
1	0.0174917975028363	1.0	34.30163170163169	22	1	SP1
2	0.16748086988269847	1.0	25.301631701631692	22	2	SP2
3	0.29115226253708587	1.0	-3.2983682983683025	58	3	SP3
4	0.4639551342855268	1.0	2.7016317016316975	22	4	SP6
5	0.8788767780437294	1.0	-28.715034965034967	22	5	SP9
6	0.5425911199294979	1.0	-6.8368298368298355	22	6	SP0
7	0.0739335567796854	1.0	19.344488844488836	22	7	SP5
8	0.26125394960807863	1.0	-14.211411776629177	22	8	SP10
