	pvalue	qvalue	Weighted time diff	firstpresence	neworder	SP_y
0	0.9663852421056629	1.0	-44.076	14	0	SP2
1	0.3666038466690238	1.0	11.590666666666664	57	1	SP6
2	0.9652925361630021	1.0	-48.95695238095238	14	2	SP5
3	0.7499153166780571	1.0	-15.456952380952373	22	3	SP3
4	0.000827520373609558	0.0	45.319833333333335	57	4	SP1
5	0.1015032970778447	1.0	19.87498039215687	14	5	SP7
6	0.06131612374857875	1.0	7.852571428571437	58	6	SP0
7	0.4919466145560217	1.0	-1.562666666666658	14	7	SP4
8	0.048850092439282976	1.0	10.317333333333337	14	8	SP8
