	pvalue	qvalue	Weighted time diff	firstpresence	neworder	SP_y
0	0.0669860933067096	1.0	60.09066666666668	115	0	SP6
1	0.9663852421056629	1.0	-51.40933333333333	14	1	SP5
2	0.7048789568891354	1.0	-36.68711111111111	22	2	SP3
3	0.9127732232422184	1.0	-28.424484848484852	14	3	SP2
4	0.16269672240974714	1.0	21.98810256410256	58	4	SP1
5	0.27879899847854167	1.0	-1.3014901960784329	14	5	SP7
6	0.0013321736916836642	0.0	32.42399999999999	22	6	SP4
7	0.048159765373456155	1.0	21.32255072463768	58	7	SP0
8	0.02104124820499245	1.0	9.937333333333342	14	8	SP8
