	pvalue	qvalue	Weighted time diff	firstpresence	neworder	SP_y
0	0.883395495859445	1.0	-31.64266666666667	14	0	SP5
1	0.5624141158430613	1.0	-18.814095238095234	26	1	SP6
2	0.19883511257669478	1.0	3.090666666666664	56	2	SP3
3	0.48771810529930765	1.0	-0.4926666666666648	11	3	SP1
4	0.3036210446807438	1.0	8.711878787878788	14	4	SP4
5	0.6173081144001241	1.0	-5.288121212121212	11	5	SP7
6	0.848839547866806	1.0	-19.720927536231883	11	6	SP2
7	0.07566547812006223	1.0	-6.007372549019607	11	7	SP0
8	0.0003719731832333894	0.0	25.337978494623655	26	8	SP8
