	pvalue	qvalue	Weighted time diff	firstpresence	neworder	SP_y
0	0.16357947876164602	1.0	-9.881682734443473	97	0	SP3
1	0.01266774298364154	0.0	9.384983932223193	3	1	SP5
2	0.017700173284437765	0.0	10.712067265556527	2	2	SP7
3	0.09795242812222961	1.0	2.0804794277186858	2	3	SP6
4	5.9352064546324374e-08	1.0	25.535792993711866	1	4	SP0
5	3.437617449668591e-07	1.0	13.746224242300713	1	5	SP4
6	0.040246872760167786	1.0	5.139503706234493	1	6	SP8
7	0.00020010021742055277	1.0	11.232241316189445	1	7	SP1
8	0.00020118726953826985	1.0	13.488128586311248	1	8	SP2
