	pvalue	qvalue	Weighted time diff	firstpresence	neworder	SP_y
0	0.10204081632653061	1.0	81.45901639344262	217	0	SP5
1	0.10204081632653061	1.0	81.45901639344262	217	1	SP6
2	0.33658536585365856	1.0	44.459016393442624	137	2	SP3
3	0.22147582840779245	1.0	7.459016393442624	137	3	SP1
4	0.01889564739786281	1.0	62.959016393442624	137	4	SP2
5	0.1414730617016426	1.0	25.959016393442624	137	5	SP4
6	0.0932915232337444	1.0	22.259016393442636	137	6	SP0
7	1.8602239153665116e-06	0.0	81.45901639344262	217	7	SP7
8	0.0022764090722497458	1.0	39.17330210772835	137	8	SP13
