	pvalue	qvalue	Weighted time diff	firstpresence	neworder	SP_y
0	0.8872180451127819	1.0	-72.36363636363636	59	0	SP7
1	0.5253058018179778	1.0	13.63636363636364	81	1	SP3
2	0.738961832441801	1.0	-18.03030303030303	59	2	SP1
3	0.10497637127644983	1.0	23.63636363636364	159	3	SP10
4	0.586977393733089	1.0	-50.36363636363636	81	4	SP5
5	0.6928962734609424	1.0	-23.86363636363636	59	5	SP8
6	0.002216295470369333	0.0	51.63636363636364	159	6	SP4
7	0.5781727707240167	1.0	-21.663636363636357	59	7	SP6
8	0.07259847316730499	1.0	5.63636363636364	59	8	SP2
